# Observation File: water_balance.dat column names:
# -----------------------------------------------------------------------------
# Observation Name: time [d]
# -----------------------------------------------------------------------------
# Observation Name: surface water content [mol]
# Region: surface domain
# Reduction: extensive integral
# Variable: surface-water_content
# Number of Vectors: 1
# -----------------------------------------------------------------------------
# Observation Name: subsurface water content [mol]
# Region: computational domain
# Reduction: extensive integral
# Variable: water_content
# Number of Vectors: 1
# -----------------------------------------------------------------------------
# Observation Name: runoff [mol d^-1]
# Region: surface outlet
# Reduction: extensive integral
# Variable: surface-water_flux
# Number of Vectors: 1
# -----------------------------------------------------------------------------
# Observation Name: rain precipitation [m d^-1]
# Region: surface domain
# Reduction: integral
# Variable: surface-water_source
# Number of Vectors: 1
# =============================================================================
"time [d]","surface water content [mol]","subsurface water content [mol]","runoff [mol d^-1]","rain precipitation [m d^-1]"
0.000000000000e+00,0.000000000000e+00,9.237945727075e+07,0.000000000000e+00,0.000000000000e+00
1.157407407407e-05,0.000000000000e+00,9.237945729817e+07,0.000000000000e+00,5.000000000000e-07
2.314814814815e-05,0.000000000000e+00,9.237945732567e+07,0.000000000000e+00,5.000000000000e-07
3.472222222222e-05,0.000000000000e+00,9.237945735297e+07,0.000000000000e+00,5.000000000000e-07
4.918981481481e-05,0.000000000000e+00,9.237945738735e+07,0.000000000000e+00,6.250000000000e-07
6.727430555556e-05,0.000000000000e+00,9.237945743031e+07,0.000000000000e+00,7.812500000000e-07
9.553132233796e-05,0.000000000000e+00,9.237945749650e+07,0.000000000000e+00,1.220703125000e-06
1.507208082411e-04,0.000000000000e+00,9.237945762763e+07,0.000000000000e+00,2.384185791016e-06
2.854607640593e-04,0.000000000000e+00,9.237945794763e+07,0.000000000000e+00,5.820766091347e-06
6.966544768834e-04,0.000000000000e+00,9.237945892012e+07,0.000000000000e+00,1.776356839400e-05
2.265234008836e-03,0.000000000000e+00,9.237946264703e+07,0.000000000000e+00,6.776263578034e-05
9.744804073154e-03,0.000000000000e+00,9.237948041849e+07,0.000000000000e+00,3.231174267785e-04
5.432651574878e-02,0.000000000000e+00,9.237958634463e+07,0.000000000000e+00,1.925929944387e-03
3.864861517369e-01,0.000000000000e+00,9.238037555592e+07,0.000000000000e+00,1.434929627469e-02
3.479963825455e+00,0.000000000000e+00,9.238772565887e+07,0.000000000000e+00,1.336382355046e-01
1.121365800975e+01,0.000000000000e+00,9.240610091607e+07,0.000000000000e+00,3.340955887615e-01
1.894735219404e+01,0.000000000000e+00,9.242447617332e+07,0.000000000000e+00,3.340955887615e-01
2.668104637834e+01,5.252165690409e+00,9.244284617880e+07,0.000000000000e+00,3.340955887615e-01
3.054789347049e+01,1.136962869342e+04,9.244066943206e+07,0.000000000000e+00,1.670477943808e-01
3.441474056263e+01,2.464278535453e+04,9.243658390276e+07,0.000000000000e+00,1.670477943808e-01
3.634816410871e+01,3.163486895685e+04,9.243418563351e+07,0.000000000000e+00,8.352389719038e-02
3.828158765478e+01,3.884701327784e+04,9.243156730362e+07,0.000000000000e+00,8.352389719038e-02
4.021501120085e+01,4.624124372461e+04,9.242876688802e+07,0.000000000000e+00,8.352389719038e-02
4.214843474693e+01,5.380552471514e+04,9.242579642059e+07,0.000000000000e+00,8.352389719038e-02
4.456521417952e+01,6.352685930033e+04,9.242181735443e+07,0.000000000000e+00,1.044048714880e-01
4.698199361211e+01,7.353000315387e+04,9.241755648416e+07,0.000000000000e+00,1.044048714880e-01
4.819038332841e+01,7.864981163356e+04,9.241530779969e+07,0.000000000000e+00,5.220243574399e-02
4.939877304470e+01,8.389598493426e+04,9.241293274882e+07,0.000000000000e+00,5.220243574399e-02
5.060716276100e+01,8.923770732077e+04,9.241046216049e+07,0.000000000000e+00,5.220243574399e-02
5.181555247730e+01,9.470544410654e+04,9.240786555459e+07,0.000000000000e+00,5.220243574399e-02
5.302394219359e+01,1.003249727182e+05,9.240511715231e+07,0.000000000000e+00,5.220243574399e-02
5.453442933896e+01,1.076528349428e+05,9.240137821545e+07,0.000000000000e+00,6.525304467999e-02
5.642253827067e+01,1.174540047602e+05,9.239606318059e+07,0.000000000000e+00,8.156630584998e-02
5.736659273653e+01,1.225768017687e+05,9.239318344833e+07,0.000000000000e+00,4.078315292499e-02
5.831064720239e+01,1.279403008707e+05,9.239006301106e+07,0.000000000000e+00,4.078315292499e-02
5.925470166824e+01,1.335557074200e+05,9.238669068864e+07,0.000000000000e+00,4.078315292499e-02
6.043476975056e+01,1.410325078177e+05,9.238201772987e+07,0.000000000000e+00,5.097894115624e-02
6.190985485346e+01,1.512558410345e+05,9.237529919384e+07,0.000000000000e+00,6.372367644530e-02
6.338493995636e+01,1.622812872857e+05,9.236777854910e+07,0.000000000000e+00,6.372367644530e-02
6.522879633499e+01,1.769794503601e+05,9.235746137871e+07,0.000000000000e+00,7.965459555662e-02
6.707265271362e+01,1.923221023851e+05,9.234649972795e+07,0.000000000000e+00,7.965459555662e-02
6.799458090293e+01,2.001166467251e+05,9.234089568078e+07,0.000000000000e+00,3.982729777831e-02
6.914699113957e+01,2.099490634183e+05,9.233380138079e+07,0.000000000000e+00,4.978412222289e-02
7.058750393537e+01,2.222959383366e+05,9.232487716452e+07,0.000000000000e+00,6.223015277861e-02
7.283830517881e+01,2.416250971184e+05,9.231089588482e+07,0.000000000000e+00,9.723461371658e-02
7.503635326811e+01,2.605045126281e+05,9.229723901755e+07,0.000000000000e+00,9.495567745760e-02
7.723440135740e+01,2.793733599429e+05,9.228359273842e+07,0.000000000000e+00,9.495567745760e-02
7.943244944670e+01,2.982234779217e+05,9.226996506544e+07,0.000000000000e+00,9.495567745760e-02
8.163049753599e+01,3.170496098197e+05,9.225636149239e+07,0.000000000000e+00,9.495567745760e-02
8.382854562529e+01,3.358387319226e+05,9.224279491986e+07,0.000000000000e+00,9.495567745760e-02
8.602659371459e+01,3.546097116428e+05,9.222924646781e+07,0.000000000000e+00,9.495567745760e-02
8.877415382621e+01,3.780332462233e+05,9.221235114191e+07,0.000000000000e+00,1.186945968220e-01
9.049137889597e+01,3.926553337162e+05,9.220180918252e+07,0.000000000000e+00,7.418412301375e-02
9.220860396573e+01,4.072580631911e+05,9.219128665918e+07,0.000000000000e+00,7.418412301375e-02
9.392582903550e+01,4.218398231848e+05,9.218078500768e+07,0.000000000000e+00,7.418412301375e-02
9.564305410526e+01,4.363995945693e+05,9.217030543375e+07,0.000000000000e+00,7.418412301375e-02
9.778958544246e+01,4.545627546281e+05,9.215724252604e+07,0.000000000000e+00,9.273015376719e-02
1.004727496140e+02,4.772060009257e+05,9.214097439482e+07,0.000000000000e+00,1.159126922090e-01
1.025689716230e+02,4.948575577203e+05,9.212830346485e+07,0.000000000000e+00,9.055679078827e-02
1.046651936319e+02,5.124689872738e+05,9.211567267439e+07,0.000000000000e+00,9.055679078827e-02
1.067614156409e+02,5.300390143883e+05,9.210308333420e+07,0.000000000000e+00,9.055679078827e-02
1.088576376499e+02,5.475665925962e+05,9.209053640816e+07,0.000000000000e+00,9.055679078827e-02
1.114779151612e+02,5.694078737330e+05,9.207492074789e+07,0.000000000000e+00,1.131959884853e-01
1.147532620502e+02,5.966008152460e+05,9.205551001538e+07,0.000000000000e+00,1.414949856067e-01
1.163909354947e+02,6.101702129542e+05,9.204583167243e+07,0.000000000000e+00,7.074749280333e-02
1.180286089392e+02,6.237128686778e+05,9.203618013013e+07,0.000000000000e+00,7.074749280333e-02
1.196662823838e+02,6.372301007971e+05,9.202655400554e+07,0.000000000000e+00,7.074749280333e-02
1.217133741894e+02,6.540876370321e+05,9.201456039398e+07,0.000000000000e+00,8.843436600417e-02
1.237604659951e+02,6.709050479575e+05,9.200260667311e+07,0.000000000000e+00,8.843436600417e-02
1.263193307521e+02,6.918631855213e+05,9.198772838790e+07,0.000000000000e+00,1.105429575052e-01
1.295179116985e+02,7.179590038625e+05,9.196923258237e+07,0.000000000000e+00,1.381786968815e-01
1.320168030628e+02,7.380499698820e+05,9.195507897181e+07,0.000000000000e+00,1.079521069387e-01
1.345156944271e+02,7.581445688712e+05,9.194092172966e+07,0.000000000000e+00,1.079521069387e-01
1.370145857914e+02,7.782096431888e+05,9.192679398700e+07,0.000000000000e+00,1.079521069387e-01
1.395134771557e+02,7.982376100253e+05,9.191270339017e+07,0.000000000000e+00,1.079521069387e-01
1.426370913611e+02,8.232024151114e+05,9.189516034641e+07,0.000000000000e+00,1.349401336734e-01
1.441988984638e+02,8.356665198168e+05,9.188640708119e+07,0.000000000000e+00,6.747006683668e-02
1.461511573422e+02,8.512164358627e+05,9.187549573692e+07,0.000000000000e+00,8.433758354585e-02
1.481034162206e+02,8.667349325363e+05,9.186461587240e+07,0.000000000000e+00,8.433758354585e-02
1.505437398186e+02,8.860820564733e+05,9.185106711585e+07,0.000000000000e+00,1.054219794323e-01
1.535941443160e+02,9.101832948212e+05,9.183421364448e+07,0.000000000000e+00,1.317774742904e-01
1.566445488135e+02,9.342008894883e+05,9.181744380724e+07,0.000000000000e+00,1.317774742904e-01
1.596949533110e+02,9.581339711704e+05,9.180075825529e+07,0.000000000000e+00,1.317774742904e-01
1.635079589328e+02,9.879173144888e+05,9.178003485662e+07,0.000000000000e+00,1.647218428630e-01
1.682742159601e+02,1.024934775559e+06,9.175434177254e+07,0.000000000000e+00,2.059023035787e-01
1.730404729874e+02,1.061747290659e+06,9.172885381190e+07,0.000000000000e+00,2.059023035787e-01
1.778067300146e+02,1.098383370599e+06,9.170354230804e+07,0.000000000000e+00,2.059023035787e-01
1.801898585283e+02,1.116655303413e+06,9.169093263504e+07,0.000000000000e+00,1.029511517894e-01
1.825729870419e+02,1.134883083447e+06,9.167836733137e+07,0.000000000000e+00,1.029511517894e-01
1.849561155556e+02,1.153065475620e+06,9.166584703417e+07,0.000000000000e+00,1.029511517894e-01
1.879350261976e+02,1.175722094505e+06,9.165026846277e+07,0.000000000000e+00,1.286889397367e-01
1.909139368397e+02,1.198306687348e+06,9.163476164925e+07,0.000000000000e+00,1.286889397367e-01
1.938928474817e+02,1.220818172472e+06,9.161932806303e+07,0.000000000000e+00,1.286889397367e-01
1.968717581238e+02,1.243256717096e+06,9.160396744592e+07,0.000000000000e+00,1.286889397367e-01
1.998506687658e+02,1.265623019443e+06,9.158867950771e+07,0.000000000000e+00,1.286889397367e-01
2.035743070684e+02,1.293466100811e+06,9.156968393810e+07,0.000000000000e+00,1.608611746709e-01
2.072979453710e+02,1.321195153335e+06,9.155080189747e+07,0.000000000000e+00,1.608611746709e-01
2.110215836735e+02,1.348812614241e+06,9.153203238980e+07,0.000000000000e+00,1.608611746709e-01
2.147452219761e+02,1.376318669726e+06,9.151337432827e+07,0.000000000000e+00,1.608611746709e-01
2.193997698543e+02,1.410529609158e+06,9.149022316735e+07,0.000000000000e+00,2.010764683386e-01
2.217270437934e+02,1.427592314618e+06,9.147868983231e+07,0.000000000000e+00,1.005382341693e-01
2.228906807630e+02,1.436113476027e+06,9.147293362622e+07,0.000000000000e+00,5.026911708465e-02
2.243452269749e+02,1.446748314549e+06,9.146575470143e+07,0.000000000000e+00,6.283639635582e-02
2.261634097398e+02,1.460016580725e+06,9.145680641159e+07,0.000000000000e+00,7.854549544477e-02
2.279815925048e+02,1.473262184576e+06,9.144788156917e+07,0.000000000000e+00,7.854549544477e-02
2.302543209609e+02,1.489780659420e+06,9.143676292137e+07,0.000000000000e+00,9.818186930596e-02
2.330952315311e+02,1.509711491223e+06,9.142358206882e+07,0.000000000000e+00,1.227273366325e-01
2.359361421013e+02,1.529814413534e+06,9.141022909230e+07,0.000000000000e+00,1.227273366325e-01
2.373565973864e+02,1.539883960356e+06,9.140353453744e+07,0.000000000000e+00,6.136366831623e-02
2.391321664928e+02,1.552480279462e+06,9.139515694642e+07,0.000000000000e+00,7.670458539528e-02
2.413516278757e+02,1.568224782513e+06,9.138468597779e+07,0.000000000000e+00,9.588073174411e-02
2.448195362866e+02,1.592796529660e+06,9.136835401327e+07,0.000000000000e+00,1.498136433502e-01
2.482874446975e+02,1.617325600484e+06,9.135206473243e+07,0.000000000000e+00,1.498136433502e-01
2.517553531084e+02,1.641803340302e+06,9.133582664083e+07,0.000000000000e+00,1.498136433502e-01
2.552232615193e+02,1.666226098831e+06,9.131964379220e+07,0.000000000000e+00,1.498136433502e-01
2.586911699302e+02,1.690594524868e+06,9.130351518492e+07,0.000000000000e+00,1.498136433502e-01
2.630260554438e+02,1.720965596300e+06,9.128344408527e+07,0.000000000000e+00,1.872670541877e-01
2.684446623358e+02,1.758783622619e+06,9.125850092557e+07,0.000000000000e+00,2.340838177346e-01
2.711539657818e+02,1.777656223964e+06,9.124606543949e+07,0.000000000000e+00,1.170419088673e-01
2.738632692278e+02,1.796492372122e+06,9.123366671570e+07,0.000000000000e+00,1.170419088673e-01
2.765725726738e+02,1.815290666454e+06,9.122130565788e+07,0.000000000000e+00,1.170419088673e-01
2.799592019813e+02,1.838737525527e+06,9.120590575392e+07,0.000000000000e+00,1.463023860841e-01
2.833458312888e+02,1.862129326763e+06,9.119056081300e+07,0.000000000000e+00,1.463023860841e-01
2.867324605963e+02,1.885467106750e+06,9.117526956184e+07,0.000000000000e+00,1.463023860841e-01
2.909657472307e+02,1.914556422929e+06,9.115623852469e+07,0.000000000000e+00,1.828779826052e-01
2.936115513772e+02,1.932705675029e+06,9.114437584447e+07,0.000000000000e+00,1.142987391282e-01
2.962573555236e+02,1.950822760322e+06,9.113254492926e+07,0.000000000000e+00,1.142987391282e-01
2.989031596701e+02,1.968908884056e+06,9.112074568763e+07,0.000000000000e+00,1.142987391282e-01
3.015489638166e+02,1.986963320258e+06,9.110897787777e+07,0.000000000000e+00,1.142987391282e-01
3.048562189997e+02,2.009482857120e+06,9.109431667504e+07,0.000000000000e+00,1.428734239103e-01
3.089902879786e+02,2.037557809989e+06,9.107606453386e+07,0.000000000000e+00,1.785917798879e-01
3.154497707581e+02,2.081247491518e+06,9.104772196166e+07,0.000000000000e+00,2.790496560748e-01
3.186795121479e+02,2.103050784588e+06,9.103359228662e+07,0.000000000000e+00,1.395248280374e-01
3.202943828427e+02,2.113942929240e+06,9.102653756879e+07,0.000000000000e+00,6.976241401870e-02
3.219092535376e+02,2.124824634225e+06,9.101949293668e+07,0.000000000000e+00,6.976241401870e-02
3.235241242325e+02,2.135696590965e+06,9.101245832457e+07,0.000000000000e+00,6.976241401870e-02
3.255427126011e+02,2.149270700241e+06,9.100368073557e+07,0.000000000000e+00,8.720301752337e-02
3.280659480618e+02,2.166213576228e+06,9.099273303912e+07,0.000000000000e+00,1.090037719042e-01
3.300372257656e+02,2.179435879774e+06,9.098419466823e+07,0.000000000000e+00,8.515919680017e-02
3.320085034693e+02,2.192644410632e+06,9.097567063104e+07,0.000000000000e+00,8.515919680017e-02
3.339797811730e+02,2.205837660456e+06,9.096716095159e+07,0.000000000000e+00,8.515919680017e-02
3.359510588767e+02,2.219019613519e+06,9.095866353860e+07,0.000000000000e+00,8.515919680017e-02
3.384151560063e+02,2.235475953118e+06,9.094806159365e+07,0.000000000000e+00,1.064489960002e-01
3.414952774184e+02,2.256017092099e+06,9.093483891200e+07,0.000000000000e+00,1.330612450003e-01
3.463079671247e+02,2.288043401243e+06,9.091424803219e+07,0.000000000000e+00,2.079081953129e-01
3.511206568310e+02,2.320002318899e+06,9.089372366782e+07,0.000000000000e+00,2.079081953129e-01
3.535270016841e+02,2.335966731120e+06,9.088347660382e+07,0.000000000000e+00,1.039540976565e-01
3.559333465373e+02,2.351916460658e+06,9.087324415553e+07,0.000000000000e+00,1.039540976565e-01
3.583396913905e+02,2.367851023041e+06,9.086302672291e+07,0.000000000000e+00,1.039540976565e-01
3.613476224569e+02,2.387748017274e+06,9.085027705910e+07,0.000000000000e+00,1.299426220706e-01
3.651075362900e+02,2.412586710068e+06,9.083437210134e+07,0.000000000000e+00,1.624282775882e-01
3.688674501230e+02,2.437396367243e+06,9.081849611646e+07,0.000000000000e+00,1.624282775882e-01
3.726273639561e+02,2.462181173782e+06,9.080264552389e+07,0.000000000000e+00,1.624282775882e-01
3.773272562474e+02,2.493128896724e+06,9.078286410333e+07,0.000000000000e+00,2.030353469853e-01
3.820271485387e+02,2.524054015011e+06,9.076310591484e+07,0.000000000000e+00,2.030353469853e-01
3.843770946844e+02,2.539512233120e+06,9.075323119950e+07,0.000000000000e+00,1.015176734926e-01
3.867270408301e+02,2.554967174554e+06,9.074336013291e+07,0.000000000000e+00,1.015176734926e-01
3.896644735121e+02,2.574280951396e+06,9.073102568250e+07,0.000000000000e+00,1.268970918658e-01
3.933362643647e+02,2.598420209293e+06,9.071561119065e+07,0.000000000000e+00,1.586213648322e-01
3.990734375719e+02,2.636139015413e+06,9.069152329097e+07,0.000000000000e+00,2.478458825504e-01
4.046761457821e+02,2.672998390222e+06,9.066797662942e+07,0.000000000000e+00,2.420369946781e-01
4.074774998871e+02,2.691438695496e+06,9.065619255001e+07,0.000000000000e+00,1.210184973391e-01
4.102788539922e+02,2.709891956006e+06,9.064439529824e+07,0.000000000000e+00,1.210184973391e-01
4.130802080973e+02,2.728362032858e+06,9.063258211510e+07,0.000000000000e+00,1.210184973391e-01
4.158815622024e+02,2.746851049163e+06,9.062074889602e+07,0.000000000000e+00,1.210184973391e-01
4.193832548337e+02,2.769998723479e+06,9.060592060919e+07,0.000000000000e+00,1.512731216738e-01
4.237603706229e+02,2.798997054182e+06,9.058732249286e+07,0.000000000000e+00,1.890914020923e-01
4.281374864120e+02,2.828065997955e+06,9.056865360584e+07,0.000000000000e+00,1.890914020923e-01
4.325146022012e+02,2.857209061303e+06,9.054991023881e+07,0.000000000000e+00,1.890914020923e-01
4.368917179904e+02,2.886483298663e+06,9.053103644353e+07,0.000000000000e+00,1.890914020923e-01
4.390802758850e+02,2.901165481155e+06,9.052155457091e+07,0.000000000000e+00,9.454570104614e-02
4.412688337796e+02,2.915877706169e+06,9.051204275762e+07,0.000000000000e+00,9.454570104614e-02
4.440045311478e+02,2.934294664742e+06,9.050012580473e+07,0.000000000000e+00,1.181821263077e-01
4.474241528581e+02,2.957331650352e+06,9.048521462020e+07,0.000000000000e+00,1.477276578846e-01
4.527673117804e+02,2.993299791457e+06,9.046194286364e+07,0.000000000000e+00,2.308244654447e-01
4.554388912416e+02,3.011270985645e+06,9.045031866065e+07,0.000000000000e+00,1.154122327223e-01
4.581104707027e+02,3.029226017521e+06,9.043870997941e+07,0.000000000000e+00,1.154122327223e-01
4.607820501639e+02,3.047166091242e+06,9.042711766096e+07,0.000000000000e+00,1.154122327223e-01
4.634536296251e+02,3.065087140124e+06,9.041554465213e+07,0.000000000000e+00,1.154122327223e-01
4.667931039515e+02,3.087455701516e+06,9.040111043253e+07,0.000000000000e+00,1.442652909029e-01
4.688802754056e+02,3.101423339605e+06,9.039210302009e+07,0.000000000000e+00,9.016580681433e-02
4.709674468596e+02,3.115375585530e+06,9.038311022951e+07,0.000000000000e+00,9.016580681433e-02
4.730546183136e+02,3.129312281242e+06,9.037413261625e+07,0.000000000000e+00,9.016580681433e-02
4.751417897677e+02,3.143233528498e+06,9.036517044969e+07,0.000000000000e+00,9.016580681433e-02
4.777507540852e+02,3.160610642009e+06,9.035399204572e+07,0.000000000000e+00,1.127072585179e-01
4.803597184028e+02,3.177966574836e+06,9.034283599049e+07,0.000000000000e+00,1.127072585179e-01
4.829686827203e+02,3.195298498710e+06,9.033170267423e+07,0.000000000000e+00,1.127072585179e-01
4.862298881172e+02,3.216929869398e+06,9.031782106009e+07,0.000000000000e+00,1.408840731474e-01
4.878604908157e+02,3.227737228109e+06,9.031088882137e+07,0.000000000000e+00,7.044203657369e-02
4.894910935142e+02,3.238534421134e+06,9.030396508612e+07,0.000000000000e+00,7.044203657369e-02
4.911216962126e+02,3.249324627661e+06,9.029704882521e+07,0.000000000000e+00,7.044203657369e-02
4.931599495857e+02,3.262800543858e+06,9.028841584456e+07,0.000000000000e+00,8.805254571712e-02
4.951982029588e+02,3.276263735357e+06,9.027979574075e+07,0.000000000000e+00,8.805254571712e-02
4.972364563319e+02,3.289714137133e+06,9.027118825696e+07,0.000000000000e+00,8.805254571712e-02
4.997842730482e+02,3.306508749365e+06,9.026044739179e+07,0.000000000000e+00,1.100656821464e-01
5.029690439437e+02,3.327468983194e+06,9.024705369981e+07,0.000000000000e+00,1.375821026830e-01
5.079452484678e+02,3.360139811024e+06,9.022620581092e+07,0.000000000000e+00,2.149720354422e-01
5.104333507299e+02,3.376455864249e+06,9.021580150011e+07,0.000000000000e+00,1.074860177211e-01
5.129214529919e+02,3.392752330401e+06,9.020541711540e+07,0.000000000000e+00,1.074860177211e-01
5.154095552540e+02,3.409028435887e+06,9.019505279760e+07,0.000000000000e+00,1.074860177211e-01
5.178976575160e+02,3.425284475713e+06,9.018470922480e+07,0.000000000000e+00,1.074860177211e-01
5.210077853436e+02,3.445575810688e+06,9.017180755454e+07,0.000000000000e+00,1.343575221514e-01
5.241179131712e+02,3.465836635005e+06,9.015893619964e+07,0.000000000000e+00,1.343575221514e-01
5.260617430634e+02,3.478487985696e+06,9.015090270179e+07,0.000000000000e+00,8.397345134460e-02
5.280055729557e+02,3.491128657858e+06,9.014288091457e+07,0.000000000000e+00,8.397345134460e-02
5.299494028479e+02,3.503759418350e+06,9.013486909240e+07,0.000000000000e+00,8.397345134460e-02
5.318932327401e+02,3.516382850740e+06,9.012686440437e+07,0.000000000000e+00,8.397345134460e-02
5.343230201054e+02,3.532147297397e+06,9.011687286180e+07,0.000000000000e+00,1.049668141808e-01
5.367528074707e+02,3.547898553524e+06,9.010689475733e+07,0.000000000000e+00,1.049668141808e-01
5.391825948360e+02,3.563636607902e+06,9.009692962432e+07,0.000000000000e+00,1.049668141808e-01
5.416123822013e+02,3.579362279863e+06,9.008697704695e+07,0.000000000000e+00,1.049668141808e-01
5.440421695666e+02,3.595075722450e+06,9.007703668010e+07,0.000000000000e+00,1.049668141808e-01
5.464719569319e+02,3.610777149798e+06,9.006710830175e+07,0.000000000000e+00,1.049668141808e-01
5.495091911385e+02,3.630385395762e+06,9.005471641389e+07,0.000000000000e+00,1.312085177259e-01
5.525464253452e+02,3.649974968164e+06,9.004234310407e+07,0.000000000000e+00,1.312085177259e-01
5.563429681034e+02,3.674432772601e+06,9.002690618251e+07,0.000000000000e+00,1.640106471574e-01
5.582412394826e+02,3.686654178163e+06,9.001919501373e+07,0.000000000000e+00,8.200532357872e-02
5.601395108617e+02,3.698868527177e+06,9.001149108965e+07,0.000000000000e+00,8.200532357872e-02
5.620377822408e+02,3.711075745275e+06,9.000379435310e+07,0.000000000000e+00,8.200532357872e-02
5.644106214648e+02,3.726323765667e+06,8.999418373932e+07,0.000000000000e+00,1.025066544734e-01
5.667834606887e+02,3.741561725509e+06,8.998458341620e+07,0.000000000000e+00,1.025066544734e-01
5.691562999126e+02,3.756789113637e+06,8.997499395724e+07,0.000000000000e+00,1.025066544734e-01
5.721223489425e+02,3.775805823878e+06,8.996302473025e+07,0.000000000000e+00,1.281333180917e-01
5.758299102299e+02,3.798572981024e+06,8.994906674180e+07,0.000000000000e+00,1.601666476147e-01
5.776836908736e+02,3.810362245665e+06,8.994168199705e+07,0.000000000000e+00,8.008332380734e-02
5.795374715173e+02,3.822223645407e+06,8.993422518439e+07,0.000000000000e+00,8.008332380734e-02
5.813912521609e+02,3.834092975476e+06,8.992676043729e+07,0.000000000000e+00,8.008332380734e-02
5.832450328046e+02,3.845957691851e+06,8.991930026884e+07,0.000000000000e+00,8.008332380734e-02
5.855622586092e+02,3.860777739255e+06,8.990998586962e+07,0.000000000000e+00,1.001041547592e-01
5.884587908650e+02,3.879285066122e+06,8.989836068952e+07,0.000000000000e+00,1.251301934490e-01
5.913553231208e+02,3.897774526106e+06,8.988675347598e+07,0.000000000000e+00,1.251301934490e-01
5.942518553765e+02,3.916245832653e+06,8.987516433659e+07,0.000000000000e+00,1.251301934490e-01
5.978725206962e+02,3.939306395883e+06,8.986070646947e+07,0.000000000000e+00,1.564127418112e-01
5.996828533561e+02,3.950829640700e+06,8.985348459566e+07,0.000000000000e+00,7.820637090560e-02
6.019457691809e+02,3.965222451588e+06,8.984446844110e+07,0.000000000000e+00,9.775796363201e-02
6.042086850057e+02,3.979604240776e+06,8.983546343127e+07,0.000000000000e+00,9.775796363201e-02
6.064716008305e+02,3.993974592408e+06,8.982646974593e+07,0.000000000000e+00,9.775796363201e-02
6.093002456116e+02,4.011919799114e+06,8.981524547904e+07,0.000000000000e+00,1.221974545400e-01
6.128360515878e+02,4.034323183117e+06,8.980124313228e+07,0.000000000000e+00,1.527468181750e-01
6.163718575641e+02,4.056698709458e+06,8.978726875170e+07,0.000000000000e+00,1.527468181750e-01
6.181397605522e+02,4.067879657304e+06,8.978028847625e+07,0.000000000000e+00,7.637340908751e-02
6.203496392874e+02,4.081844912034e+06,8.977157403178e+07,0.000000000000e+00,9.546676135938e-02
6.231119877064e+02,4.099284221491e+06,8.976069802942e+07,0.000000000000e+00,1.193334516992e-01
6.252700724087e+02,4.112898362485e+06,8.975221150704e+07,0.000000000000e+00,9.322925914002e-02
6.274281571110e+02,4.126502237382e+06,8.974373528553e+07,0.000000000000e+00,9.322925914002e-02
6.295862418133e+02,4.140095569711e+06,8.973526948466e+07,0.000000000000e+00,9.322925914002e-02
6.317443265156e+02,4.153678563915e+06,8.972681411547e+07,0.000000000000e+00,9.322925914002e-02
6.330931294546e+02,4.162163846786e+06,8.972153356614e+07,0.000000000000e+00,5.826828696251e-02
6.344419323935e+02,4.170645119224e+06,8.971625708875e+07,0.000000000000e+00,5.826828696251e-02
6.357907353325e+02,4.179122283941e+06,8.971098468436e+07,0.000000000000e+00,5.826828696251e-02
6.371395382714e+02,4.187595344262e+06,8.970571635210e+07,0.000000000000e+00,5.826828696251e-02
6.384883412104e+02,4.196064359582e+06,8.970045209003e+07,0.000000000000e+00,5.826828696251e-02
6.401743448841e+02,4.206644559730e+06,8.969387812655e+07,0.000000000000e+00,7.283535870314e-02
6.422818494762e+02,4.219859504672e+06,8.968567060276e+07,0.000000000000e+00,9.104419837892e-02
6.455748254013e+02,4.240483413823e+06,8.967287056348e+07,0.000000000000e+00,1.422565599671e-01
6.488678013265e+02,4.261083499171e+06,8.966009456163e+07,0.000000000000e+00,1.422565599671e-01
6.505142892891e+02,4.271377618926e+06,8.965371249814e+07,0.000000000000e+00,7.112827998354e-02
6.525723992423e+02,4.284235700495e+06,8.964574431834e+07,0.000000000000e+00,8.891034997942e-02
6.551450366838e+02,4.300293891364e+06,8.963579876069e+07,0.000000000000e+00,1.111379374743e-01
6.591647826862e+02,4.325349081997e+06,8.962029458210e+07,0.000000000000e+00,1.736530273036e-01
6.611746556874e+02,4.337867670221e+06,8.961255135308e+07,0.000000000000e+00,8.682651365178e-02
6.631845286886e+02,4.350377444205e+06,8.960481703891e+07,0.000000000000e+00,8.682651365178e-02
6.651944016898e+02,4.362878373751e+06,8.959709166488e+07,0.000000000000e+00,8.682651365178e-02
6.677067429413e+02,4.378490395095e+06,8.958744899395e+07,0.000000000000e+00,1.085331420647e-01
6.692769562235e+02,4.388242599246e+06,8.958142780044e+07,0.000000000000e+00,6.783321379045e-02
6.708471695057e+02,4.397989176037e+06,8.957541205164e+07,0.000000000000e+00,6.783321379045e-02
6.724173827879e+02,4.407730233640e+06,8.956940181259e+07,0.000000000000e+00,6.783321379045e-02
6.739875960701e+02,4.417465716304e+06,8.956339709418e+07,0.000000000000e+00,6.783321379045e-02
6.759503626728e+02,4.429626522808e+06,8.955589984410e+07,0.000000000000e+00,8.479151723806e-02
6.784038209262e+02,4.444814032226e+06,8.954654183449e+07,0.000000000000e+00,1.059893965476e-01
6.803205851867e+02,4.456671139027e+06,8.953923915496e+07,0.000000000000e+00,8.280421605280e-02
6.822373494472e+02,4.468519915207e+06,8.953194475420e+07,0.000000000000e+00,8.280421605280e-02
6.841541137077e+02,4.480360260499e+06,8.952465863558e+07,0.000000000000e+00,8.280421605280e-02
6.860708779681e+02,4.492192315337e+06,8.951738080009e+07,0.000000000000e+00,8.280421605280e-02
6.884668332937e+02,4.506969519680e+06,8.950829646461e+07,0.000000000000e+00,1.035052700660e-01
6.899643053722e+02,4.516200345077e+06,8.950262379916e+07,0.000000000000e+00,6.469079379125e-02
6.914617774507e+02,4.525425975215e+06,8.949695614315e+07,0.000000000000e+00,6.469079379125e-02
6.929592495292e+02,4.534646579912e+06,8.949129353446e+07,0.000000000000e+00,6.469079379125e-02
6.944567216077e+02,4.543862107669e+06,8.948563597010e+07,0.000000000000e+00,6.469079379125e-02
6.963285617059e+02,4.555373704203e+06,8.947857188848e+07,0.000000000000e+00,8.086349223906e-02
6.986683618285e+02,4.569750859558e+06,8.946975406829e+07,0.000000000000e+00,1.010793652988e-01
7.010081619512e+02,4.584115847764e+06,8.946094852169e+07,0.000000000000e+00,1.010793652988e-01
7.039329121045e+02,4.602052853478e+06,8.944996073124e+07,0.000000000000e+00,1.263492066235e-01
7.068576622578e+02,4.619970838410e+06,8.943899201756e+07,0.000000000000e+00,1.263492066235e-01
7.105135999495e+02,4.642338569389e+06,8.942531079204e+07,0.000000000000e+00,1.579365082794e-01
7.123415687953e+02,4.653515108442e+06,8.941847752643e+07,0.000000000000e+00,7.896825413971e-02
7.146265298526e+02,4.667474813857e+06,8.940994745328e+07,0.000000000000e+00,9.871031767463e-02
7.174827311742e+02,4.684906001711e+06,8.939930275411e+07,0.000000000000e+00,1.233878970933e-01
7.189108318350e+02,4.693617084084e+06,8.939398485333e+07,0.000000000000e+00,6.169394854665e-02
7.206959576610e+02,4.704498977665e+06,8.938734442500e+07,0.000000000000e+00,7.711743568331e-02
7.229273649435e+02,4.718090522500e+06,8.937905470748e+07,0.000000000000e+00,9.639679460414e-02
7.264139388224e+02,4.739301071605e+06,8.936612835073e+07,0.000000000000e+00,1.506199915690e-01
7.281163674742e+02,4.749651512395e+06,8.935982289470e+07,0.000000000000e+00,7.354491775828e-02
7.298187961260e+02,4.759995708419e+06,8.935352367494e+07,0.000000000000e+00,7.354491775829e-02
7.315212247779e+02,4.770333916432e+06,8.934723071065e+07,0.000000000000e+00,7.354491775829e-02
7.332236534297e+02,4.780666330875e+06,8.934094400047e+07,0.000000000000e+00,7.354491775829e-02
7.353516892444e+02,4.793571045379e+06,8.933309538705e+07,0.000000000000e+00,9.193114719786e-02
7.380117340129e+02,4.809686832309e+06,8.932329990005e+07,0.000000000000e+00,1.149139339973e-01
7.421680539636e+02,4.834830311337e+06,8.930803185269e+07,0.000000000000e+00,1.795530218708e-01
7.442462139390e+02,4.847392701699e+06,8.930040719036e+07,0.000000000000e+00,8.977651093541e-02
7.452852939266e+02,4.853671584360e+06,8.929659718732e+07,0.000000000000e+00,4.488825546771e-02
7.465841439112e+02,4.861517060436e+06,8.929183835269e+07,0.000000000000e+00,5.611031933463e-02
7.482077063920e+02,4.871317608875e+06,8.928589554820e+07,0.000000000000e+00,7.013789916829e-02
7.507445227681e+02,4.886616609597e+06,8.927662394576e+07,0.000000000000e+00,1.095904674505e-01
7.532813391443e+02,4.901901659945e+06,8.926736637571e+07,0.000000000000e+00,1.095904674505e-01
7.558181555205e+02,4.917172660306e+06,8.925812284699e+07,0.000000000000e+00,1.095904674505e-01
7.574036657556e+02,4.926711555712e+06,8.925235112510e+07,0.000000000000e+00,6.849404215653e-02
7.589891759907e+02,4.936244961542e+06,8.924658487702e+07,0.000000000000e+00,6.849404215653e-02
7.605746862258e+02,4.945772854092e+06,8.924082408334e+07,0.000000000000e+00,6.849404215653e-02
7.621601964609e+02,4.955295346756e+06,8.923506876306e+07,0.000000000000e+00,6.849404215653e-02
7.641420842548e+02,4.967189923626e+06,8.922788316273e+07,0.000000000000e+00,8.561755269567e-02
7.661239720487e+02,4.977897568963e+06,8.922070599609e+07,1.178630046325e+03,8.561755269567e-02
7.686013317910e+02,4.990470896496e+06,8.921174781087e+07,2.271051015986e+03,1.070219408696e-01
7.716980314690e+02,5.006116061679e+06,8.920057096910e+07,2.889413019864e+03,1.337774260870e-01
7.732463813079e+02,5.013920055205e+06,8.919498778108e+07,1.458093598095e+03,6.688871304349e-02
7.747947311469e+02,5.021704044463e+06,8.918940986099e+07,1.472796788042e+03,6.688871304349e-02
7.763430809859e+02,5.029467825531e+06,8.918383723370e+07,1.487690301788e+03,6.688871304349e-02
7.782785182846e+02,5.039141188744e+06,8.917687977511e+07,1.882698417531e+03,8.361089130436e-02
7.806978149080e+02,5.051183627959e+06,8.916819612561e+07,2.389179631341e+03,1.045136141305e-01
7.831171115314e+02,5.063167763012e+06,8.915952595851e+07,2.434265378005e+03,1.045136141305e-01
7.855364081547e+02,5.075087741875e+06,8.915086998528e+07,2.484340903926e+03,1.045136141305e-01
7.885605289340e+02,5.089890469727e+06,8.914007478159e+07,3.177652461007e+03,1.306420176631e-01
7.915846497132e+02,5.104619247359e+06,8.912931061637e+07,3.219666141589e+03,1.306420176631e-01
7.946087704925e+02,5.119275695934e+06,8.911858286533e+07,3.256606220554e+03,1.306420176631e-01
7.983889214665e+02,5.137484542651e+06,8.910522771648e+07,4.128014404061e+03,1.633025220788e-01
8.002789969535e+02,5.146561425402e+06,8.909856318621e+07,2.078486661409e+03,8.165126103941e-02
8.021690724406e+02,5.155611433067e+06,8.909191092004e+07,2.093096260960e+03,8.165126103941e-02
8.040591479276e+02,5.164635045935e+06,8.908527027944e+07,2.107839549928e+03,8.165126103941e-02
8.064217422864e+02,5.175874072178e+06,8.907698665365e+07,2.658092075640e+03,1.020640762993e-01
8.093749852348e+02,5.189860532049e+06,8.906665748491e+07,3.359540253250e+03,1.275800953741e-01
8.123282281833e+02,5.203785331772e+06,8.905635254067e+07,3.397101573499e+03,1.275800953741e-01
8.160197818689e+02,5.221095443597e+06,8.904350757486e+07,4.306221561804e+03,1.594751192176e-01
8.197113355545e+02,5.238309027037e+06,8.903069761714e+07,4.367466446708e+03,1.594751192176e-01
8.243257776615e+02,5.259674691646e+06,8.901473822174e+07,5.557616405839e+03,1.993438990220e-01
8.289402197685e+02,5.280887634133e+06,8.899883073877e+07,5.659031895167e+03,1.993438990220e-01
8.335546618755e+02,5.301943396292e+06,8.898297501159e+07,5.763859469426e+03,1.993438990220e-01
8.381691039825e+02,5.322840079790e+06,8.896716989755e+07,5.872365943838e+03,1.993438990220e-01
8.427835460894e+02,5.343574511393e+06,8.895141450724e+07,5.984866313664e+03,1.993438990220e-01
8.450907671429e+02,5.353900490454e+06,8.894354912558e+07,3.021384285878e+03,9.967194951101e-02
8.479747934598e+02,5.366742634242e+06,8.893373648785e+07,3.823000790025e+03,1.245899368888e-01
8.515798263559e+02,5.382691294882e+06,8.892150023125e+07,4.853056552987e+03,1.557374211109e-01
8.533823428039e+02,5.390639200192e+06,8.891538944263e+07,2.445558867882e+03,7.786871055547e-02
8.551848592520e+02,5.398560537513e+06,8.890928596661e+07,2.464930563277e+03,7.786871055547e-02
8.569873757000e+02,5.406455003599e+06,8.890318977382e+07,2.484620388293e+03,7.786871055547e-02
8.592405212601e+02,5.416279761035e+06,8.889558096902e+07,3.137143978068e+03,9.733588819434e-02
8.620569532101e+02,5.428492845041e+06,8.888608817996e+07,3.971591744456e+03,1.216698602429e-01
8.664576281321e+02,5.447405333259e+06,8.887129924626e+07,6.332375017370e+03,1.901091566296e-01
8.686579655931e+02,5.456818026835e+06,8.886391556230e+07,3.198971601326e+03,9.505457831479e-02
8.708583030541e+02,5.466186458609e+06,8.885654258801e+07,3.232549831193e+03,9.505457831479e-02
8.730586405151e+02,5.475509871191e+06,8.884918024738e+07,3.266930174200e+03,9.505457831479e-02
8.758090623413e+02,5.487092776902e+06,8.883999379515e+07,4.138844117854e+03,1.188182228935e-01
8.792470896241e+02,5.501456289773e+06,8.882853619147e+07,5.262698850015e+03,1.485227786169e-01
8.826851169069e+02,5.515702110731e+06,8.881710376810e+07,5.355406366792e+03,1.485227786169e-01
8.869826510104e+02,5.533318996082e+06,8.880285206695e+07,6.845769149789e+03,1.856534732711e-01
8.891314180622e+02,5.542078381080e+06,8.879573584250e+07,3.462301657066e+03,9.282673663554e-02
8.912801851139e+02,5.550787854435e+06,8.878862918220e+07,3.502849334833e+03,9.282673663554e-02
8.934289521657e+02,5.559446007332e+06,8.878153201864e+07,3.544530910297e+03,9.282673663554e-02
8.961149109804e+02,5.570186746885e+06,8.877267527745e+07,4.497835232561e+03,1.160334207944e-01
8.994723594987e+02,5.583480731715e+06,8.876162711771e+07,5.731435286427e+03,1.450417759930e-01
9.028298080171e+02,5.596638290270e+06,8.875060152411e+07,5.845610759458e+03,1.450417759930e-01
9.070266186650e+02,5.612862193291e+06,8.873685444739e+07,7.494870945741e+03,1.813022199913e-01
9.112234293130e+02,5.628851355555e+06,8.872314192811e+07,7.694283006395e+03,1.813022199913e-01
9.164694426229e+02,5.648451888406e+06,8.870605551089e+07,9.951463516480e+03,2.266277749891e-01
9.190924492779e+02,5.658149027416e+06,8.869752571519e+07,5.064493738863e+03,1.133138874945e-01
9.207318284372e+02,5.664168870097e+06,8.869219979937e+07,3.201237914753e+03,7.082117968410e-02
9.223712075966e+02,5.670146615943e+06,8.868687906431e+07,3.238169399372e+03,7.082117968410e-02
9.240105867559e+02,5.676081224228e+06,8.868156348704e+07,3.276089487219e+03,7.082117968410e-02
9.256499659153e+02,5.681971797306e+06,8.867625304660e+07,3.315032049162e+03,7.082117968410e-02
9.276991898645e+02,5.689264352359e+06,8.866962298398e+07,4.206467757371e+03,8.852647460512e-02
9.302607198010e+02,5.698265895973e+06,8.866134781924e+07,5.359699900830e+03,1.106580932564e-01
9.322619150639e+02,5.705226458950e+06,8.865489039083e+07,4.251707552900e+03,8.645163535656e-02
9.342631103267e+02,5.712112842909e+06,8.864844047752e+07,4.318404128396e+03,8.645163535656e-02
9.362643055896e+02,5.718922816949e+06,8.864199804976e+07,4.387405548310e+03,8.645163535656e-02
9.382655008525e+02,5.725653805728e+06,8.863556307500e+07,4.458825250762e+03,8.645163535656e-02
9.407669949311e+02,5.733940099063e+06,8.862753093387e+07,5.689421440280e+03,1.080645441957e-01
9.438938625294e+02,5.744090595505e+06,8.861750869301e+07,7.301532832343e+03,1.350806802446e-01
9.487795931516e+02,5.759413710153e+06,8.860189205444e+07,1.190214291008e+04,2.110635628822e-01
9.536653237739e+02,5.774179667825e+06,8.858629593670e+07,1.243875617862e+04,2.110635628822e-01
9.585510543962e+02,5.788350697538e+06,8.857071078276e+07,1.302261549607e+04,2.110635628822e-01
9.609939197073e+02,5.795274307049e+06,8.856292336894e+07,6.668014361157e+03,1.055317814411e-01
9.634367850185e+02,5.802027848586e+06,8.855514238719e+07,6.831706609649e+03,1.055317814411e-01
9.658796503296e+02,5.808603730499e+06,8.854736862462e+07,7.002128454672e+03,1.055317814411e-01
9.689332319685e+02,5.816534085234e+06,8.853766366140e+07,9.029944087482e+03,1.319147268014e-01
9.727502090172e+02,5.825973044839e+06,8.852555271029e+07,1.174112052991e+04,1.648934085018e-01
9.765671860658e+02,5.834914059929e+06,8.851346269084e+07,1.221861230362e+04,1.648934085018e-01
9.803841631145e+02,5.838196912969e+06,8.850139050953e+07,1.785846474107e+04,1.648934085018e-01
9.851553844253e+02,5.838516182533e+06,8.848632924477e+07,2.607841719587e+04,2.061167606272e-01
9.911194110638e+02,5.838530267013e+06,8.846755225205e+07,3.293342207768e+04,2.576459507840e-01
1.000000000000e+03,5.838525347123e+06,8.843970804104e+07,4.894942133315e+04,3.836414420437e-01
1.017344900266e+03,5.838513924407e+06,8.838578045909e+07,9.515048973796e+04,7.492996914916e-01
1.059690848181e+03,5.838484869748e+06,8.825691253483e+07,2.295109500201e+05,1.829344949931e+00
1.175431588922e+03,5.838410489111e+06,8.792409775905e+07,6.078891555762e+05,5.000000000000e+00
1.291172329663e+03,5.838346135569e+06,8.760880496637e+07,5.903571463273e+05,5.000000000000e+00
1.406913070403e+03,5.838285919048e+06,8.730968847157e+07,5.741767146076e+05,5.000000000000e+00
1.522653811144e+03,5.838228639502e+06,8.702575698498e+07,5.589887669209e+05,5.000000000000e+00
1.638394551885e+03,5.838175702845e+06,8.675568060640e+07,5.451293143326e+05,5.000000000000e+00
1.754135292626e+03,5.838126468269e+06,8.649833625131e+07,5.323935897136e+05,5.000000000000e+00
1.869876033366e+03,5.838079984966e+06,8.625287527140e+07,5.205074630471e+05,5.000000000000e+00
1.934938016683e+03,5.838055400893e+06,8.611839480003e+07,2.890923282021e+05,2.810677679289e+00
2.000000000000e+03,5.838031306403e+06,8.598732650088e+07,2.856796749202e+05,2.810677679289e+00
2.115740740741e+03,5.837990845238e+06,8.576427539064e+07,4.980915669358e+05,5.000000000000e+00
2.231481481481e+03,5.837952454725e+06,8.555072140498e+07,4.885923761313e+05,5.000000000000e+00
2.347222222222e+03,5.837915625990e+06,8.534619009853e+07,4.795681411535e+05,5.000000000000e+00
2.462962962963e+03,5.837880042869e+06,8.515029372771e+07,4.709319546812e+05,5.000000000000e+00
2.578703703704e+03,5.837845319458e+06,8.496274497315e+07,4.625834806234e+05,5.000000000000e+00
2.694444444444e+03,5.837812211685e+06,8.478308178586e+07,4.546962924431e+05,5.000000000000e+00
2.810185185185e+03,5.837780528479e+06,8.461089765604e+07,4.472158138742e+05,5.000000000000e+00
2.925925925926e+03,5.837749991024e+06,8.444585966050e+07,4.400685328201e+05,5.000000000000e+00
3.000000000000e+03,5.837731061257e+06,8.434305045081e+07,2.788281402742e+05,3.200000000000e+00
3.115740740741e+03,5.837702238731e+06,8.418906301925e+07,4.290162557633e+05,5.000000000000e+00
3.231481481481e+03,5.837674699588e+06,8.404137901552e+07,4.227115418887e+05,5.000000000000e+00
3.347222222222e+03,5.837648228836e+06,8.389970587191e+07,4.166996142658e+05,5.000000000000e+00
3.462962962963e+03,5.837623095342e+06,8.376369580061e+07,4.110352044824e+05,5.000000000000e+00
3.578703703704e+03,5.837599099102e+06,8.363305252199e+07,4.056672733717e+05,5.000000000000e+00
3.593171296296e+03,5.837596106581e+06,8.361680546363e+07,5.062505085814e+04,6.250000000000e-01
3.600405092593e+03,5.837594609076e+06,8.360870278279e+07,2.529167835988e+04,3.125000000000e-01
3.607638888889e+03,5.837593122778e+06,8.360062077796e+07,2.527099317756e+04,3.125000000000e-01
3.614872685185e+03,5.837591646619e+06,8.359255929585e+07,2.525045819015e+04,3.125000000000e-01
3.623914930556e+03,5.837589814601e+06,8.358251426795e+07,3.153123343938e+04,3.906250000000e-01
3.635217737269e+03,5.837587541876e+06,8.357000730638e+07,3.936470289642e+04,4.882812500000e-01
3.652878372758e+03,5.837584026334e+06,8.355058428406e+07,6.138820794704e+04,7.629394531250e-01
3.687371801447e+03,5.837577224604e+06,8.351309808627e+07,1.194493861356e+05,1.490116119385e+00
3.704618515792e+03,5.837573844075e+06,8.349446648162e+07,5.961317845151e+04,7.450580596924e-01
3.726176908723e+03,5.837569658123e+06,8.347134933614e+07,7.434407347941e+04,9.313225746155e-01
3.753124899886e+03,5.837564498994e+06,8.344271804079e+07,9.266488169599e+04,1.164153218269e+00
3.795231136079e+03,5.837556616032e+06,8.339861332154e+07,1.441570193648e+05,1.818989403546e+00
3.877469878644e+03,5.837541803493e+06,8.331478122767e+07,2.792461588701e+05,3.552713678800e+00
3.959708621209e+03,5.837527463459e+06,8.323317488421e+07,2.770199361365e+05,3.552713678800e+00
4.000000000000e+03,5.837520610951e+06,8.319371257211e+07,1.352014805498e+05,1.740587563766e+00
4.102798428206e+03,5.837503787651e+06,8.309626923345e+07,3.417092275576e+05,4.440892098501e+00
4.205596856412e+03,5.837487621727e+06,8.300192167025e+07,3.386127940042e+05,4.440892098501e+00
4.321337597153e+03,5.837470269996e+06,8.289941471297e+07,3.775243093472e+05,5.000000000000e+00
4.437078337894e+03,5.837453991530e+06,8.280037323709e+07,3.740577546853e+05,5.000000000000e+00
4.451545930486e+03,5.837451980286e+06,8.278804631846e+07,4.670392515088e+04,6.250000000000e-01
4.466013523079e+03,5.837449986068e+06,8.277577214554e+07,4.665116729109e+04,6.250000000000e-01
4.473247319375e+03,5.837448992465e+06,8.276964817940e+07,2.331245977097e+04,3.125000000000e-01
4.480481115671e+03,5.837448001999e+06,8.276353727493e+07,2.329939500244e+04,3.125000000000e-01
4.484098013819e+03,5.837447507329e+06,8.276048508031e+07,1.164643928438e+04,1.562500000000e-01
4.487714911968e+03,5.837447013157e+06,8.275743613614e+07,1.164318833201e+04,1.562500000000e-01
4.491331810116e+03,5.837446519270e+06,8.275439043539e+07,1.163994462417e+04,1.562500000000e-01
4.494948708264e+03,5.837446025229e+06,8.275134797114e+07,1.163670828367e+04,1.562500000000e-01
4.499469830949e+03,5.837445405352e+06,8.274754993481e+07,1.454084371257e+04,1.953125000000e-01
4.500882681788e+03,5.837445209187e+06,8.274636354056e+07,4.543524008986e+03,6.103515625000e-02
4.501235894498e+03,5.837445159577e+06,8.274606697275e+07,1.135850823132e+03,1.525878906250e-02
4.501412500853e+03,5.837445134269e+06,8.274591869653e+07,5.679182285435e+02,7.629394531250e-03
4.501456652442e+03,5.837445127942e+06,8.274588162694e+07,1.419791082017e+02,1.907348632813e-03
4.501500804030e+03,5.837445121615e+06,8.274584455715e+07,1.419786592581e+02,1.907348632813e-03
4.501544955619e+03,5.837445115181e+06,8.274580748954e+07,1.419782246412e+02,1.907348632813e-03
4.501567031413e+03,5.837445111964e+06,8.274578895565e+07,7.098900366635e+01,9.536743164063e-04
4.501589107208e+03,5.837445108746e+06,8.274577042172e+07,7.098889501212e+01,9.536743164063e-04
4.501611183002e+03,5.837445105529e+06,8.274575188773e+07,7.098878635790e+01,9.536743164063e-04
4.501633258797e+03,5.837445102269e+06,8.274573335440e+07,7.098867431174e+01,9.536743164063e-04
4.501660853539e+03,5.837445098190e+06,8.274571018793e+07,8.873565949292e+01,1.192092895508e-03
4.501678100254e+03,5.837445095641e+06,8.274569570884e+07,5.545971554486e+01,7.450580596924e-04
4.501695346968e+03,5.837445093095e+06,8.274568122994e+07,5.545963684073e+01,7.450580596924e-04
4.501712593682e+03,5.837445090549e+06,8.274566675101e+07,5.545955803778e+01,7.450580596924e-04
4.501729840397e+03,5.837445088004e+06,8.274565227205e+07,5.545947933365e+01,7.450580596924e-04
4.501751398790e+03,5.837445084858e+06,8.274563417373e+07,6.932421202596e+01,9.313225746155e-04
4.501772957183e+03,5.837445081712e+06,8.274561607535e+07,6.932407488256e+01,9.313225746155e-04
4.501786431178e+03,5.837445079745e+06,8.274560476384e+07,4.332749321048e+01,5.820766091347e-04
4.501799905174e+03,5.837445077779e+06,8.274559345232e+07,4.332743962079e+01,5.820766091347e-04
4.501813379169e+03,5.837445075856e+06,8.274558214107e+07,4.332738380642e+01,5.820766091347e-04
4.501826853165e+03,5.837445073938e+06,8.274557082987e+07,4.332733358807e+01,5.820766091347e-04
4.501843695660e+03,5.837445071541e+06,8.274555669093e+07,5.415909664165e+01,7.275957614183e-04
4.501864748778e+03,5.837445068537e+06,8.274553901738e+07,6.769876921870e+01,9.094947017729e-04
4.501881196526e+03,5.837445066191e+06,8.274552520988e+07,5.288960149732e+01,7.105427357554e-04
4.501897644275e+03,5.837445063844e+06,8.274551140235e+07,5.288953953939e+01,7.105427357554e-04
4.501914092023e+03,5.837445061482e+06,8.274549759508e+07,5.288947917666e+01,7.105427357554e-04
4.501930539772e+03,5.837445059121e+06,8.274548378788e+07,5.288941038765e+01,7.105427357554e-04
4.501940819614e+03,5.837445057646e+06,8.274547515837e+07,3.305585464364e+01,4.440892098248e-04
4.501951099457e+03,5.837445056171e+06,8.274546652884e+07,3.305582779669e+01,4.440892098546e-04
4.501961379300e+03,5.837445054696e+06,8.274545789930e+07,3.305580094862e+01,4.440892098546e-04
4.501971659143e+03,5.837445053221e+06,8.274544926975e+07,3.305577410055e+01,4.440892098546e-04
4.501981938986e+03,5.837445051746e+06,8.274544064019e+07,3.305574725248e+01,4.440892098546e-04
4.501994788789e+03,5.837445049931e+06,8.274542985352e+07,4.131961964815e+01,5.551115123034e-04
4.502010851044e+03,5.837445047701e+06,8.274541637025e+07,5.164942192532e+01,6.938893903792e-04
4.502023399680e+03,5.837445045959e+06,8.274540583642e+07,4.035104818661e+01,5.421010862291e-04
4.502035948316e+03,5.837445044217e+06,8.274539530257e+07,4.035098549574e+01,5.421010862291e-04
4.502048496952e+03,5.837445042475e+06,8.274538476871e+07,4.035092280487e+01,5.421010862291e-04
4.502061045589e+03,5.837445040824e+06,8.274537423506e+07,4.035086468256e+01,5.421010862291e-04
4.502068888486e+03,5.837445039793e+06,8.274536765151e+07,2.521926771224e+01,3.388131788969e-04
4.502076731384e+03,5.837445038761e+06,8.274536106797e+07,2.521924499760e+01,3.388131788969e-04
4.502084574282e+03,5.837445037729e+06,8.274535448441e+07,2.521922223802e+01,3.388131788969e-04
4.502092417179e+03,5.837445036720e+06,8.274534790094e+07,2.521920679700e+01,3.388131788969e-04
4.502100260077e+03,5.837445035712e+06,8.274534131746e+07,2.521919135597e+01,3.388131788969e-04
4.502110063699e+03,5.837445034445e+06,8.274533308816e+07,3.152397100989e+01,4.235164736211e-04
4.502122318227e+03,5.837445032854e+06,8.274532280157e+07,3.940493510461e+01,5.293955920339e-04
4.502131892076e+03,5.837445031611e+06,8.274531476516e+07,3.078508806430e+01,4.135903062820e-04
4.502141465926e+03,5.837445030368e+06,8.274530672875e+07,3.078507057770e+01,4.135903062820e-04
4.502151039776e+03,5.837445029125e+06,8.274529869232e+07,3.078505309009e+01,4.135903062820e-04
4.502160613625e+03,5.837445027882e+06,8.274529065588e+07,3.078503560451e+01,4.135903062820e-04
4.502172580938e+03,5.837445026298e+06,8.274528061054e+07,3.848126386245e+01,5.169878828526e-04
4.502180060508e+03,5.837445025309e+06,8.274527433219e+07,2.405077795504e+01,3.231174267828e-04
4.502187540078e+03,5.837445024319e+06,8.274526805383e+07,2.405076599527e+01,3.231174267828e-04
4.502195019648e+03,5.837445023329e+06,8.274526177547e+07,2.405075399422e+01,3.231174267828e-04
4.502202499218e+03,5.837445022336e+06,8.274525549719e+07,2.405073748117e+01,3.231174267828e-04
4.502211848680e+03,5.837445021100e+06,8.274524764935e+07,3.006339620849e+01,4.038967834711e-04
4.502223535509e+03,5.837445019560e+06,8.274523783959e+07,3.757920562807e+01,5.048709793389e-04
4.502232665843e+03,5.837445018357e+06,8.274523017570e+07,2.935873023957e+01,3.944304526150e-04
4.502241796178e+03,5.837445017154e+06,8.274522251180e+07,2.935870608270e+01,3.944304526150e-04
4.502250926512e+03,5.837445015951e+06,8.274521484790e+07,2.935868192389e+01,3.944304526150e-04
4.502260056847e+03,5.837445014748e+06,8.274520718399e+07,2.935865781836e+01,3.944304526150e-04
4.502265763306e+03,5.837445013996e+06,8.274520239404e+07,1.834915171864e+01,2.465190328658e-04
4.502271469765e+03,5.837445013244e+06,8.274519760408e+07,1.834914230502e+01,2.465190328956e-04
4.502277176224e+03,5.837445012492e+06,8.274519281412e+07,1.834913288857e+01,2.465190328956e-04
4.502282882683e+03,5.837445011754e+06,8.274518802428e+07,1.834912399166e+01,2.465190328956e-04
4.502288589142e+03,5.837445011017e+06,8.274518323444e+07,1.834911509535e+01,2.465190328956e-04
4.502295722216e+03,5.837445010094e+06,8.274517724713e+07,2.293637994787e+01,3.081487911344e-04
4.502304638558e+03,5.837445008945e+06,8.274516976306e+07,2.867045550220e+01,3.851859889030e-04
4.502311604451e+03,5.837445008046e+06,8.274516391612e+07,2.239878147206e+01,3.009265538454e-04
4.502318570343e+03,5.837445007148e+06,8.274515806917e+07,2.239876958045e+01,3.009265538454e-04
4.502325536236e+03,5.837445006251e+06,8.274515222227e+07,2.239875654018e+01,3.009265538454e-04
4.502332502128e+03,5.837445005353e+06,8.274514637537e+07,2.239874349990e+01,3.009265538454e-04
4.502341209494e+03,5.837445004233e+06,8.274513906678e+07,2.799841114256e+01,3.761581923068e-04
4.502352093701e+03,5.837445002832e+06,8.274512993103e+07,3.499798543877e+01,4.701977403760e-04
4.502360596987e+03,5.837445001737e+06,8.274512279372e+07,2.734215870543e+01,3.673419846594e-04
4.502369100274e+03,5.837445000642e+06,8.274511565640e+07,2.734214133755e+01,3.673419846892e-04
4.502377603561e+03,5.837444999546e+06,8.274510851918e+07,2.734212382309e+01,3.673419846892e-04
4.502386106847e+03,5.837444998447e+06,8.274510138198e+07,2.734210916259e+01,3.673419846892e-04
4.502391421402e+03,5.837444997760e+06,8.274509692122e+07,1.708881251169e+01,2.295887404382e-04
4.502396735956e+03,5.837444997073e+06,8.274509246047e+07,1.708880679621e+01,2.295887404382e-04
4.502402050510e+03,5.837444996386e+06,8.274508799970e+07,1.708880108073e+01,2.295887404382e-04
4.502407365064e+03,5.837444995693e+06,8.274508353898e+07,1.708879597036e+01,2.295887404382e-04
4.502412679618e+03,5.837444994999e+06,8.274507907827e+07,1.708879076919e+01,2.295887404382e-04
4.502419322811e+03,5.837444994128e+06,8.274507350238e+07,2.136098025960e+01,2.869859255552e-04
4.502427626802e+03,5.837444993040e+06,8.274506653252e+07,2.670121251966e+01,3.587324069440e-04
4.502434114295e+03,5.837444992189e+06,8.274506108731e+07,2.086031445397e+01,2.802596929073e-04
4.502440601788e+03,5.837444991339e+06,8.274505564210e+07,2.086030662758e+01,2.802596929073e-04
4.502447089281e+03,5.837444990489e+06,8.274505019688e+07,2.086029883837e+01,2.802596929073e-04
4.502453576774e+03,5.837444989639e+06,8.274504475166e+07,2.086029104985e+01,2.802596929073e-04
4.502461686140e+03,5.837444988557e+06,8.274503794524e+07,2.607534978450e+01,3.503246161342e-04
4.502466754494e+03,5.837444987881e+06,8.274503369123e+07,1.629708813666e+01,2.189528850913e-04
4.502471822847e+03,5.837444987204e+06,8.274502943722e+07,1.629708265745e+01,2.189528850913e-04
4.502476891201e+03,5.837444986526e+06,8.274502518323e+07,1.629707665871e+01,2.189528850913e-04
4.502481959555e+03,5.837444985848e+06,8.274502092924e+07,1.629707037171e+01,2.189528850913e-04
4.502488294997e+03,5.837444985001e+06,8.274501561177e+07,2.037132772786e+01,2.736911063790e-04
4.502496214300e+03,5.837444983942e+06,8.274500896495e+07,2.546414303114e+01,3.421138829589e-04
4.502502401255e+03,5.837444983116e+06,8.274500377212e+07,1.989385160524e+01,2.672764710784e-04
4.502508588211e+03,5.837444982291e+06,8.274499857931e+07,1.989384093832e+01,2.672764710784e-04
4.502514775166e+03,5.837444981468e+06,8.274499338651e+07,1.989383013091e+01,2.672764710784e-04
4.502520962121e+03,5.837444980646e+06,8.274498819371e+07,1.989381921780e+01,2.672764710784e-04
4.502528695816e+03,5.837444979619e+06,8.274498170272e+07,2.486725694926e+01,3.340955888629e-04
4.502533529375e+03,5.837444978977e+06,8.274497764584e+07,1.554202891030e+01,2.088097430468e-04
4.502538362933e+03,5.837444978335e+06,8.274497358897e+07,1.554202222727e+01,2.088097430468e-04
4.502543196492e+03,5.837444977693e+06,8.274496953209e+07,1.554201554424e+01,2.088097430468e-04
4.502548030051e+03,5.837444977050e+06,8.274496547520e+07,1.554200886069e+01,2.088097430468e-04
4.502554072000e+03,5.837444976256e+06,8.274496040417e+07,1.942750028133e+01,2.610121788085e-04
4.502561624435e+03,5.837444975266e+06,8.274495406539e+07,2.428435841914e+01,3.262652235031e-04
4.502567524776e+03,5.837444974495e+06,8.274494911322e+07,1.897214470820e+01,2.548947058618e-04
4.502573425116e+03,5.837444973723e+06,8.274494416105e+07,1.897213440083e+01,2.548947058618e-04
4.502579325457e+03,5.837444972955e+06,8.274493920891e+07,1.897212412726e+01,2.548947058618e-04
4.502585225797e+03,5.837444972188e+06,8.274493425677e+07,1.897211405592e+01,2.548947058618e-04
4.502592601223e+03,5.837444971232e+06,8.274492806661e+07,2.371512691656e+01,3.186183823347e-04
4.502599976648e+03,5.837444970278e+06,8.274492187646e+07,2.371511168214e+01,3.186183823347e-04
4.502609195930e+03,5.837444969086e+06,8.274491413880e+07,2.964386699385e+01,3.982729779184e-04
4.502613805571e+03,5.837444968491e+06,8.274491026997e+07,1.482192785879e+01,1.991364889741e-04
4.502618415212e+03,5.837444967895e+06,8.274490640113e+07,1.482192221955e+01,1.991364889741e-04
4.502623024853e+03,5.837444967300e+06,8.274490253229e+07,1.482191658030e+01,1.991364889741e-04
4.502628786904e+03,5.837444966555e+06,8.274489769624e+07,1.852738693756e+01,2.489206112027e-04
4.502632388186e+03,5.837444966090e+06,8.274489467370e+07,1.157961339275e+01,1.555753819942e-04
4.502635989468e+03,5.837444965624e+06,8.274489165117e+07,1.157960995046e+01,1.555753819942e-04
4.502639590750e+03,5.837444965159e+06,8.274488862863e+07,1.157960650740e+01,1.555753819942e-04
4.502643192032e+03,5.837444964694e+06,8.274488560609e+07,1.157960306511e+01,1.555753819942e-04
4.502647693635e+03,5.837444964114e+06,8.274488182798e+07,1.447449965654e+01,1.944692274928e-04
4.502653320638e+03,5.837444963390e+06,8.274487710534e+07,1.809311807187e+01,2.430865343809e-04
4.502657716734e+03,5.837444962821e+06,8.274487341578e+07,1.413524544224e+01,1.899113549888e-04
4.502662112830e+03,5.837444962250e+06,8.274486972624e+07,1.413524259021e+01,1.899113549888e-04
4.502666508926e+03,5.837444961678e+06,8.274486603669e+07,1.413524006377e+01,1.899113549888e-04
4.502670905022e+03,5.837444961105e+06,8.274486234715e+07,1.413523751262e+01,1.899113549888e-04
4.502676400143e+03,5.837444960382e+06,8.274485773523e+07,1.766904395194e+01,2.373891937435e-04
4.502683269043e+03,5.837444959477e+06,8.274485197034e+07,2.208630036756e+01,2.967364921868e-04
4.502688635371e+03,5.837444958771e+06,8.274484746651e+07,1.725491935365e+01,2.318253845274e-04
4.502694001700e+03,5.837444958065e+06,8.274484296267e+07,1.725491654466e+01,2.318253845274e-04
4.502699368028e+03,5.837444957358e+06,8.274483845884e+07,1.725491373510e+01,2.318253845274e-04
4.502704734356e+03,5.837444956627e+06,8.274483395505e+07,1.725491300281e+01,2.318253845274e-04
4.502711442267e+03,5.837444955713e+06,8.274482832531e+07,2.156864010770e+01,2.897817306519e-04
4.502715634711e+03,5.837444955142e+06,8.274482480672e+07,1.348039961399e+01,1.811135816574e-04
4.502719827155e+03,5.837444954571e+06,8.274482128814e+07,1.348039918470e+01,1.811135816574e-04
4.502724019599e+03,5.837444954000e+06,8.274481776954e+07,1.348039875540e+01,1.811135816574e-04
4.502728212043e+03,5.837444953428e+06,8.274481425095e+07,1.348039832566e+01,1.811135816574e-04
4.502733452598e+03,5.837444952681e+06,8.274480985276e+07,1.685049775805e+01,2.263919770718e-04
4.502740003292e+03,5.837444951738e+06,8.274480435503e+07,2.106311984950e+01,2.829899713397e-04
4.502745121021e+03,5.837444951001e+06,8.274480005993e+07,1.645556095376e+01,2.210859150887e-04
4.502750238751e+03,5.837444950264e+06,8.274479576482e+07,1.645555952717e+01,2.210859150887e-04
4.502755356480e+03,5.837444949528e+06,8.274479146971e+07,1.645555810058e+01,2.210859150887e-04
4.502760474210e+03,5.837444948791e+06,8.274478717460e+07,1.645555667345e+01,2.210859150887e-04
4.502766871372e+03,5.837444947843e+06,8.274478180577e+07,2.056943779721e+01,2.763573938608e-04
4.502770869598e+03,5.837444947251e+06,8.274477845024e+07,1.285589548264e+01,1.727233711481e-04
4.502774867824e+03,5.837444946658e+06,8.274477509472e+07,1.285589236562e+01,1.727233711481e-04
4.502778866050e+03,5.837444946066e+06,8.274477173919e+07,1.285588924903e+01,1.727233711481e-04
4.502782864276e+03,5.837444945473e+06,8.274476838366e+07,1.285588610952e+01,1.727233711481e-04
4.502787862059e+03,5.837444944731e+06,8.274476418929e+07,1.606984936176e+01,2.159042139351e-04
4.502794109287e+03,5.837444943807e+06,8.274475894633e+07,2.008729741146e+01,2.698802674115e-04
4.502798989935e+03,5.837444943086e+06,8.274475485026e+07,1.569319238288e+01,2.108439589143e-04
4.502803870582e+03,5.837444942371e+06,8.274475075421e+07,1.569318255122e+01,2.108439589143e-04
4.502808751229e+03,5.837444941661e+06,8.274474665817e+07,1.569317235961e+01,2.108439589143e-04
4.502813631876e+03,5.837444940955e+06,8.274474256213e+07,1.569316191735e+01,2.108439589143e-04
4.502819732685e+03,5.837444940073e+06,8.274473744208e+07,1.961643608067e+01,2.635549486279e-04
4.502823545691e+03,5.837444939522e+06,8.274473424205e+07,1.226026617089e+01,1.647218428850e-04
4.502827358696e+03,5.837444938971e+06,8.274473104201e+07,1.226025979232e+01,1.647218428850e-04
4.502831171702e+03,5.837444938419e+06,8.274472784197e+07,1.226025339189e+01,1.647218428850e-04
4.502834984708e+03,5.837444937884e+06,8.274472464196e+07,1.226024636232e+01,1.647218428850e-04
4.502839750965e+03,5.837444937221e+06,8.274472064195e+07,1.532529724051e+01,2.059023036063e-04
4.502845708786e+03,5.837444936399e+06,8.274471564195e+07,1.915660534572e+01,2.573778795004e-04
4.502850363334e+03,5.837444935756e+06,8.274471173570e+07,1.496608804922e+01,2.010764683783e-04
4.502855017882e+03,5.837444935114e+06,8.274470782945e+07,1.496607817022e+01,2.010764683783e-04
4.502859672430e+03,5.837444934472e+06,8.274470392319e+07,1.496606829122e+01,2.010764683783e-04
4.502864326978e+03,5.837444933830e+06,8.274470001693e+07,1.496605841272e+01,2.010764683783e-04
4.502870145162e+03,5.837444933054e+06,8.274469513415e+07,1.870756023628e+01,2.513455854654e-04
4.502873781528e+03,5.837444932569e+06,8.274469208242e+07,1.169222016232e+01,1.570909909308e-04
4.502877417893e+03,5.837444932084e+06,8.274468903068e+07,1.169221517585e+01,1.570909909308e-04
4.502881054259e+03,5.837444931600e+06,8.274468597894e+07,1.169221018900e+01,1.570909909308e-04
4.502884690624e+03,5.837444931121e+06,8.274468292721e+07,1.169220615445e+01,1.570909909308e-04
4.502889236081e+03,5.837444930523e+06,8.274467911256e+07,1.461525195091e+01,1.963637386560e-04
4.502894917903e+03,5.837444929776e+06,8.274467434426e+07,1.826905682352e+01,2.454546733201e-04
4.502899356825e+03,5.837444929192e+06,8.274467061902e+07,1.427269569233e+01,1.917614635229e-04
4.502903795748e+03,5.837444928608e+06,8.274466689380e+07,1.427269147434e+01,1.917614635229e-04
4.502908234671e+03,5.837444928023e+06,8.274466316857e+07,1.427268755969e+01,1.917614635229e-04
4.502912673594e+03,5.837444927436e+06,8.274465944336e+07,1.427268394743e+01,1.917614635229e-04
4.502918222247e+03,5.837444926703e+06,8.274465478683e+07,1.784084928264e+01,2.397018294036e-04
4.502921690155e+03,5.837444926245e+06,8.274465187650e+07,1.115052859107e+01,1.498136433661e-04
4.502925158064e+03,5.837444925787e+06,8.274464896617e+07,1.115052636367e+01,1.498136433959e-04
4.502928625972e+03,5.837444925329e+06,8.274464605584e+07,1.115052413368e+01,1.498136433959e-04
4.502932093881e+03,5.837444924866e+06,8.274464314553e+07,1.115052241666e+01,1.498136433959e-04
4.502936428766e+03,5.837444924285e+06,8.274463950765e+07,1.393815048193e+01,1.872670542598e-04
4.502941847373e+03,5.837444923556e+06,8.274463496031e+07,1.742268406431e+01,2.340838178396e-04
4.502946080660e+03,5.837444922985e+06,8.274463140770e+07,1.361146944348e+01,1.828779826760e-04
4.502950313946e+03,5.837444922414e+06,8.274462785509e+07,1.361146693784e+01,1.828779826760e-04
4.502954547233e+03,5.837444921842e+06,8.274462430247e+07,1.361146445736e+01,1.828779826760e-04
4.502958780520e+03,5.837444921271e+06,8.274462074986e+07,1.361146200023e+01,1.828779826760e-04
4.502964072128e+03,5.837444920547e+06,8.274461630912e+07,1.701432280167e+01,2.285974783301e-04
4.502970686638e+03,5.837444919640e+06,8.274461075821e+07,2.126789552429e+01,2.857468479276e-04
4.502975854225e+03,5.837444918931e+06,8.274460642156e+07,1.661553849688e+01,2.232397249341e-04
4.502981021811e+03,5.837444918222e+06,8.274460208490e+07,1.661553361611e+01,2.232397249341e-04
4.502986189397e+03,5.837444917513e+06,8.274459774824e+07,1.661552873479e+01,2.232397249341e-04
4.502991356983e+03,5.837444916804e+06,8.274459341158e+07,1.661552385347e+01,2.232397249341e-04
4.502994586725e+03,5.837444916361e+06,8.274459070116e+07,1.038470049690e+01,1.395248280764e-04
4.502997816466e+03,5.837444915918e+06,8.274458799075e+07,1.038469858559e+01,1.395248280764e-04
4.503001046207e+03,5.837444915474e+06,8.274458528033e+07,1.038469667428e+01,1.395248280764e-04
4.503004275949e+03,5.837444915031e+06,8.274458256991e+07,1.038469476332e+01,1.395248280764e-04
4.503007505690e+03,5.837444914582e+06,8.274457985954e+07,1.038469185952e+01,1.395248280764e-04
4.503011542867e+03,5.837444914020e+06,8.274457647156e+07,1.298086029888e+01,1.744060350955e-04
4.503016589338e+03,5.837444913317e+06,8.274457223660e+07,1.622606828050e+01,2.180075438619e-04
4.503020531893e+03,5.837444912768e+06,8.274456892803e+07,1.267661151464e+01,1.703183936477e-04
4.503024474449e+03,5.837444912220e+06,8.274456561945e+07,1.267660720772e+01,1.703183936477e-04
4.503028417004e+03,5.837444911671e+06,8.274456231088e+07,1.267660290081e+01,1.703183936477e-04
4.503032359559e+03,5.837444911122e+06,8.274455900230e+07,1.267659859347e+01,1.703183936477e-04
4.503037287754e+03,5.837444910444e+06,8.274455486663e+07,1.584573800527e+01,2.128979920447e-04
4.503043447997e+03,5.837444909601e+06,8.274454969705e+07,1.980715887109e+01,2.661224900484e-04
4.503048260686e+03,5.837444908942e+06,8.274454565832e+07,1.547433454264e+01,2.079081953466e-04
4.503053073376e+03,5.837444908283e+06,8.274454161958e+07,1.547432621751e+01,2.079081953466e-04
4.503057886066e+03,5.837444907632e+06,8.274453758086e+07,1.547431885144e+01,2.079081953466e-04
4.503062698755e+03,5.837444906980e+06,8.274453354214e+07,1.547431148538e+01,2.079081953466e-04
4.503068714618e+03,5.837444906168e+06,8.274452849376e+07,1.934287970412e+01,2.598852441907e-04
4.503072474531e+03,5.837444905661e+06,8.274452533853e+07,1.208929604905e+01,1.624282776117e-04
4.503076234445e+03,5.837444905153e+06,8.274452218328e+07,1.208929230511e+01,1.624282776117e-04
4.503079994359e+03,5.837444904646e+06,8.274451902806e+07,1.208928922427e+01,1.624282776117e-04
4.503083754273e+03,5.837444904138e+06,8.274451587283e+07,1.208928635727e+01,1.624282776117e-04
4.503088454165e+03,5.837444903503e+06,8.274451192880e+07,1.511160348112e+01,2.030353470147e-04
4.503091391598e+03,5.837444903106e+06,8.274450946378e+07,9.444750421378e+00,1.268970918953e-04
4.503094329031e+03,5.837444902708e+06,8.274450699877e+07,9.444748967320e+00,1.268970918953e-04
4.503097266463e+03,5.837444902309e+06,8.274450453376e+07,9.444747546614e+00,1.268970918953e-04
4.503100203896e+03,5.837444901909e+06,8.274450206875e+07,9.444746125907e+00,1.268970918953e-04
4.503102039791e+03,5.837444901660e+06,8.274450052812e+07,5.902965775875e+00,7.931068244576e-05
4.503103875687e+03,5.837444901409e+06,8.274449898750e+07,5.902965222227e+00,7.931068244576e-05
4.503105711582e+03,5.837444901159e+06,8.274449744687e+07,5.902964668579e+00,7.931068244576e-05
4.503107547478e+03,5.837444900908e+06,8.274449590624e+07,5.902964156619e+00,7.931068244576e-05
4.503109383373e+03,5.837444900657e+06,8.274449436562e+07,5.902963613491e+00,7.931068244576e-05
4.503111678242e+03,5.837444900342e+06,8.274449243984e+07,7.378703667426e+00,9.913835304976e-05
4.503114546829e+03,5.837444899948e+06,8.274449003262e+07,9.223378230858e+00,1.239229413271e-04
4.503119028995e+03,5.837444899331e+06,8.274448627134e+07,1.441152506743e+01,1.936295958161e-04
4.503123406111e+03,5.837444898727e+06,8.274448259822e+07,1.407375156200e+01,1.890914021730e-04
4.503127783227e+03,5.837444898122e+06,8.274447892510e+07,1.407374807529e+01,1.890914021730e-04
4.503132160343e+03,5.837444897517e+06,8.274447525198e+07,1.407374458811e+01,1.890914021730e-04
4.503136537459e+03,5.837444896912e+06,8.274447157886e+07,1.407374107678e+01,1.890914021730e-04
4.503142008853e+03,5.837444896151e+06,8.274446698749e+07,1.759217018140e+01,2.363642527163e-04
4.503145428475e+03,5.837444895675e+06,8.274446411788e+07,1.099510395044e+01,1.477276579440e-04
4.503148848097e+03,5.837444895200e+06,8.274446124826e+07,1.099510153777e+01,1.477276579440e-04
4.503152267719e+03,5.837444894724e+06,8.274445837865e+07,1.099509910515e+01,1.477276579440e-04
4.503155687340e+03,5.837444894249e+06,8.274445550903e+07,1.099509667326e+01,1.477276579440e-04
4.503159961867e+03,5.837444893655e+06,8.274445192201e+07,1.374386704640e+01,1.846595724225e-04
4.503162633447e+03,5.837444893283e+06,8.274444968012e+07,8.589915416235e+00,1.154122327864e-04
4.503165305026e+03,5.837444892912e+06,8.274444743823e+07,8.589913926237e+00,1.154122327864e-04
4.503167976606e+03,5.837444892540e+06,8.274444519634e+07,8.589912436523e+00,1.154122327864e-04
4.503170648185e+03,5.837444892169e+06,8.274444295445e+07,8.589910946809e+00,1.154122327864e-04
4.503173987660e+03,5.837444891701e+06,8.274444015213e+07,1.073738623152e+01,1.442652909756e-04
4.503178162002e+03,5.837444891115e+06,8.274443664922e+07,1.342172846670e+01,1.803316137195e-04
4.503181423208e+03,5.837444890658e+06,8.274443391258e+07,1.048572273012e+01,1.408840732276e-04
4.503184684413e+03,5.837444890201e+06,8.274443117594e+07,1.048572007660e+01,1.408840732276e-04
4.503187945619e+03,5.837444889744e+06,8.274442843930e+07,1.048571742308e+01,1.408840732276e-04
4.503191206824e+03,5.837444889286e+06,8.274442570266e+07,1.048571476956e+01,1.408840732276e-04
4.503195283331e+03,5.837444888715e+06,8.274442228187e+07,1.310713947297e+01,1.761050915420e-04
4.503200378964e+03,5.837444888000e+06,8.274441800588e+07,1.638391810798e+01,2.201313644350e-04
4.503204359928e+03,5.837444887442e+06,8.274441466526e+07,1.279993221700e+01,1.719776284695e-04
4.503208340891e+03,5.837444886884e+06,8.274441132464e+07,1.279992841094e+01,1.719776284695e-04
4.503212321855e+03,5.837444886326e+06,8.274440798402e+07,1.279992460573e+01,1.719776284695e-04
4.503216302819e+03,5.837444885768e+06,8.274440464340e+07,1.279992080010e+01,1.719776284695e-04
4.503221279023e+03,5.837444885070e+06,8.274440046762e+07,1.599989508247e+01,2.149720355868e-04
4.503224389151e+03,5.837444884634e+06,8.274439785776e+07,9.999932124307e+00,1.343575222194e-04
4.503227499279e+03,5.837444884198e+06,8.274439524789e+07,9.999929825956e+00,1.343575222492e-04
4.503230609407e+03,5.837444883762e+06,8.274439263803e+07,9.999927525056e+00,1.343575222492e-04
4.503233719535e+03,5.837444883326e+06,8.274439002816e+07,9.999925224816e+00,1.343575222492e-04
4.503237607194e+03,5.837444882780e+06,8.274438676588e+07,1.249990279272e+01,1.679469028115e-04
4.503242466769e+03,5.837444882096e+06,8.274438268804e+07,1.562487348483e+01,2.099336284995e-04
4.503246263312e+03,5.837444881563e+06,8.274437950223e+07,1.220692936376e+01,1.640106472671e-04
4.503250059855e+03,5.837444881028e+06,8.274437631642e+07,1.220692633992e+01,1.640106472671e-04
4.503253856397e+03,5.837444880492e+06,8.274437313062e+07,1.220692325041e+01,1.640106472671e-04
4.503257652940e+03,5.837444879957e+06,8.274436994482e+07,1.220692016131e+01,1.640106472671e-04
4.503262398619e+03,5.837444879286e+06,8.274436596257e+07,1.525864512570e+01,2.050133090913e-04
4.503268330717e+03,5.837444878449e+06,8.274436098477e+07,1.907329847518e+01,2.562666363716e-04
4.503272965168e+03,5.837444877794e+06,8.274435709585e+07,1.490100960961e+01,2.002083096802e-04
4.503277599620e+03,5.837444877139e+06,8.274435320693e+07,1.490100478340e+01,2.002083096802e-04
4.503282234071e+03,5.837444876485e+06,8.274434931802e+07,1.490099995768e+01,2.002083096802e-04
4.503286868523e+03,5.837444875830e+06,8.274434542909e+07,1.490099513196e+01,2.002083096802e-04
4.503289765055e+03,5.837444875421e+06,8.274434299852e+07,9.313120079442e+00,1.251301935613e-04
4.503292661588e+03,5.837444875012e+06,8.274434056794e+07,9.313118200581e+00,1.251301935613e-04
4.503295558120e+03,5.837444874603e+06,8.274433813736e+07,9.313116321719e+00,1.251301935613e-04
4.503298454652e+03,5.837444874194e+06,8.274433570678e+07,9.313114442857e+00,1.251301935613e-04
4.503301351184e+03,5.837444873785e+06,8.274433327620e+07,9.313112563688e+00,1.251301935613e-04
4.503304971850e+03,5.837444873272e+06,8.274433023803e+07,1.164138611097e+01,1.564127419591e-04
4.503309497681e+03,5.837444872633e+06,8.274432644032e+07,1.455172516984e+01,1.955159274340e-04
4.503316569293e+03,5.837444871645e+06,8.274432050641e+07,2.273704981434e+01,3.054936366081e-04
4.503320105099e+03,5.837444871154e+06,8.274431753945e+07,1.136851949544e+01,1.527468183041e-04
4.503324524857e+03,5.837444870546e+06,8.274431383076e+07,1.421064039102e+01,1.909335228801e-04
4.503330049554e+03,5.837444869795e+06,8.274430919491e+07,1.776328574611e+01,2.386669036150e-04
4.503338681892e+03,5.837444868642e+06,8.274430195140e+07,2.775509930021e+01,3.729170368910e-04
4.503355541929e+03,5.837444866155e+06,8.274428780397e+07,5.420935963906e+01,7.283535876870e-04
4.503396704128e+03,5.837444822301e+06,8.274425326469e+07,1.323844613881e+02,1.778207001179e-03
4.503522321191e+03,5.837443397309e+06,8.274414786224e+07,4.052935884545e+02,5.426657108098e-03
4.504001512257e+03,5.837430021398e+06,8.274374583080e+07,1.553964946762e+03,2.070105403176e-02
4.506286473316e+03,5.837358219483e+06,8.274182993454e+07,7.416766221493e+03,9.871031776315e-02
4.519905902543e+03,5.836966549917e+06,8.273045309532e+07,4.412822878443e+04,5.883593425938e-01
4.532589984435e+03,5.836629422240e+06,8.271989527323e+07,4.103282528539e+04,5.479523377436e-01
4.545274066327e+03,5.836313846225e+06,8.270937529892e+07,4.097242305290e+04,5.479523377436e-01
4.557958148219e+03,5.836016392417e+06,8.269889317193e+07,4.091571031020e+04,5.479523377436e-01
4.570642230111e+03,5.835735427933e+06,8.268844881716e+07,4.086233579306e+04,5.479523377436e-01
4.586497332477e+03,5.835404451667e+06,8.267545213565e+07,5.099963134941e+04,6.849404221795e-01
4.606316210433e+03,5.835014669013e+06,8.265929745697e+07,6.363481027468e+04,8.561755277243e-01
4.621799708837e+03,5.834720899966e+06,8.264673188560e+07,4.964744497450e+04,6.688871310346e-01
4.637283207240e+03,5.834437008346e+06,8.263422121851e+07,4.958268092363e+04,6.688871310346e-01
4.652766705644e+03,5.834161445017e+06,8.262176507580e+07,4.952003466911e+04,6.688871310346e-01
4.668250204048e+03,5.833893045181e+06,8.260936307033e+07,4.945921423753e+04,6.688871310346e-01
4.687604577052e+03,5.833565001912e+06,8.259394438944e+07,6.173144761222e+04,8.361089137933e-01
4.711797543308e+03,5.833167301199e+06,8.257480057308e+07,7.702464725799e+04,1.045136142242e+00
4.723894026435e+03,5.832968553031e+06,8.256526081615e+07,3.847755271141e+04,5.225680711208e-01
4.735990509563e+03,5.832774072900e+06,8.255575303949e+07,3.844360375730e+04,5.225680711208e-01
4.748086992691e+03,5.832579763682e+06,8.254627703576e+07,3.840977264133e+04,5.225680711208e-01
4.755647294646e+03,5.832458430772e+06,8.254036689330e+07,2.399292875575e+04,3.266050444505e-01
4.763207596601e+03,5.832339502595e+06,8.253446907511e+07,2.398002523200e+04,3.266050444505e-01
4.770767898556e+03,5.832221105382e+06,8.252858353225e+07,2.396720133498e+04,3.266050444505e-01
4.778328200511e+03,5.832102826549e+06,8.252271021560e+07,2.395440948661e+04,3.266050444505e-01
4.787778577954e+03,5.831956291191e+06,8.251538759060e+07,2.992323088296e+04,4.082563055631e-01
4.799591549759e+03,5.831773190187e+06,8.250626385164e+07,3.737320752527e+04,5.103203819539e-01
4.818049318203e+03,5.831491400366e+06,8.249207954023e+07,5.832169453774e+04,7.973755968030e-01
4.836074482700e+03,5.831218051903e+06,8.247829528427e+07,5.688496970031e+04,7.786871062529e-01
4.854099647196e+03,5.830946634572e+06,8.246457804568e+07,5.681587558312e+04,7.786871062529e-01
4.872124811693e+03,5.830677192299e+06,8.245092724049e+07,5.674750361961e+04,7.786871062529e-01
4.881137393941e+03,5.830542538616e+06,8.244411836275e+07,2.835670797272e+04,3.893435531265e-01
4.890149976189e+03,5.830407942500e+06,8.243732593480e+07,2.833970018887e+04,3.893435531265e-01
4.899162558438e+03,5.830274932718e+06,8.243054989281e+07,2.832291619874e+04,3.893435531265e-01
4.908175140686e+03,5.830141960423e+06,8.242379016223e+07,2.830616733706e+04,3.893435531265e-01
4.919440868496e+03,5.829975803972e+06,8.241536585363e+07,3.535659412372e+04,4.866794414081e-01
4.933523028259e+03,5.829770434790e+06,8.240487486255e+07,4.415547176744e+04,6.083493017601e-01
4.944524715574e+03,5.829610021080e+06,8.239670269845e+07,3.447194598506e+04,4.752728920000e-01
4.955526402889e+03,5.829450507847e+06,8.238855434881e+07,3.444761156648e+04,4.752728920001e-01
4.966528090204e+03,5.829291040543e+06,8.238042969896e+07,3.442333092250e+04,4.752728920001e-01
4.977529777519e+03,5.829131649644e+06,8.237232863624e+07,3.439910743276e+04,4.752728920001e-01
4.991281886662e+03,5.828934567929e+06,8.236223897506e+07,4.296151828472e+04,5.940911150001e-01
5.000000000000e+03,5.828809659211e+06,8.235585733967e+07,2.722035891584e+04,3.766224961926e-01
5.017190136429e+03,5.828563472670e+06,8.234333089652e+07,5.361425349634e+04,7.426138937501e-01
5.033977379036e+03,5.828325877159e+06,8.233115174910e+07,5.230305624315e+04,7.252088806154e-01
5.050764621643e+03,5.828088348799e+06,8.231902590814e+07,5.224861881503e+04,7.252088806154e-01
5.067551864250e+03,5.827852821798e+06,8.230695299350e+07,5.219478221046e+04,7.252088806154e-01
5.084339106857e+03,5.827617379079e+06,8.229493260220e+07,5.214111706449e+04,7.252088806154e-01
5.094831133486e+03,5.827470285801e+06,8.228744027090e+07,3.256728951559e+04,4.532555503846e-01
5.105323160115e+03,5.827323306728e+06,8.227996825580e+07,3.254643274598e+04,4.532555503846e-01
5.115815186745e+03,5.827176469275e+06,8.227251646156e+07,3.252563143802e+04,4.532555503846e-01
5.126307213374e+03,5.827031880388e+06,8.226508480859e+07,3.250517848127e+04,4.532555503846e-01
5.136799240003e+03,5.826887312766e+06,8.225767319763e+07,3.248476773205e+04,4.532555503846e-01
5.149914273290e+03,5.826707653653e+06,8.224843982846e+07,4.057431010327e+04,5.665694379807e-01
5.166308064898e+03,5.826483128941e+06,8.223694644072e+07,5.066856573794e+04,7.082117974759e-01
5.191923364286e+03,5.826136019474e+06,8.221910484855e+07,7.905087580515e+04,1.106580933556e+00
5.217538663674e+03,5.825789100801e+06,8.220137887855e+07,7.893266218291e+04,1.106580933556e+00
5.233548225791e+03,5.825572458341e+06,8.219034505299e+07,4.928692358346e+04,6.916130834726e-01
5.249557787909e+03,5.825357816826e+06,8.217935584062e+07,4.924146666769e+04,6.916130834726e-01
5.265567350026e+03,5.825145054427e+06,8.216841096525e+07,4.919651979251e+04,6.916130834726e-01
5.281576912143e+03,5.824932320881e+06,8.215751014481e+07,4.915169034258e+04,6.916130834726e-01
5.301588864790e+03,5.824666471746e+06,8.214395244898e+07,6.136977463592e+04,8.645163543407e-01
5.326603805599e+03,5.824337769509e+06,8.212711118015e+07,7.660464053258e+04,1.080645442926e+00
5.346146728105e+03,5.824082487165e+06,8.211401806971e+07,5.978232459750e+04,8.442542522858e-01
5.365689650612e+03,5.823827245763e+06,8.210098861547e+07,5.971747260541e+04,8.442542522858e-01
5.385232573118e+03,5.823573673819e+06,8.208802236689e+07,5.965322821226e+04,8.442542522858e-01
5.404775495625e+03,5.823320171019e+06,8.207511885270e+07,5.958918676395e+04,8.442542522858e-01
5.416989822192e+03,5.823163187166e+06,8.206707855085e+07,3.721850986107e+04,5.276589076786e-01
5.429204148758e+03,5.823006224543e+06,8.205906247810e+07,3.719382935608e+04,5.276589076786e-01
5.441418475325e+03,5.822850086627e+06,8.205107052982e+07,3.716931829293e+04,5.276589076786e-01
5.453632801892e+03,5.822693971261e+06,8.204310260181e+07,3.714485566982e+04,5.276589076786e-01
5.465847128458e+03,5.822538463172e+06,8.203515859056e+07,3.712053128417e+04,5.276589076786e-01
5.481115036667e+03,5.822344121643e+06,8.202526573619e+07,4.636274045833e+04,6.595736345983e-01
5.500199921927e+03,5.822103419867e+06,8.201295734650e+07,5.789485366527e+04,8.244670432478e-01
5.530020055146e+03,5.821729103047e+06,8.199386480952e+07,9.031888569784e+04,1.288229755075e+00
5.559141278993e+03,5.821365095362e+06,8.197535118746e+07,8.806790006056e+04,1.258036870190e+00
5.588262502840e+03,5.821004360096e+06,8.195696761996e+07,8.793551095532e+04,1.258036870190e+00
5.602823114764e+03,5.820824067304e+06,8.194780815102e+07,4.393477179016e+04,6.290184350951e-01
5.617383726687e+03,5.820643866534e+06,8.193868082085e+07,4.390187145385e+04,6.290184350951e-01
5.631944338611e+03,5.820465825827e+06,8.192958547538e+07,4.386942596378e+04,6.290184350951e-01
5.646504950534e+03,5.820287808955e+06,8.192052193775e+07,4.383705363221e+04,6.290184350951e-01
5.664705715439e+03,5.820065372626e+06,8.190924189714e+07,5.474586628245e+04,7.862730438689e-01
5.687456671569e+03,5.819790152033e+06,8.189521848401e+07,6.835451244493e+04,9.828413048361e-01
5.705230856046e+03,5.819575191130e+06,8.188430917846e+07,5.335461155996e+04,7.678447694032e-01
5.723005040523e+03,5.819360842272e+06,8.187344608763e+07,5.330750471933e+04,7.678447694032e-01
5.740779225000e+03,5.819146648602e+06,8.186262894951e+07,5.326054392158e+04,7.678447694032e-01
5.758553409477e+03,5.818935201092e+06,8.185185753792e+07,5.321428864725e+04,7.678447694032e-01
5.780771140073e+03,5.818670947271e+06,8.183846422896e+07,6.644580052943e+04,9.598059617540e-01
5.794657221696e+03,5.818505837116e+06,8.183012099656e+07,4.150055081945e+04,5.998787260963e-01
5.808543303318e+03,5.818342127471e+06,8.182180523720e+07,4.147276264916e+04,5.998787260963e-01
5.822429384941e+03,5.818178434016e+06,8.181351682207e+07,4.144502955321e+04,5.998787260963e-01
5.836315466563e+03,5.818015494520e+06,8.180525563040e+07,4.141747099307e+04,5.998787260963e-01
5.853673068592e+03,5.817811845185e+06,8.179497143295e+07,5.172887528597e+04,7.498484076203e-01
5.875370071127e+03,5.817558954203e+06,8.178218181683e+07,6.459456805787e+04,9.373105095254e-01
5.892320854358e+03,5.817361945308e+06,8.177222975288e+07,5.042411480421e+04,7.322738355667e-01
5.909271637588e+03,5.817164965230e+06,8.176231728168e+07,5.038381841323e+04,7.322738355667e-01
5.926222420819e+03,5.816968056797e+06,8.175244417722e+07,5.034362339423e+04,7.322738355667e-01
5.943173204050e+03,5.816772939055e+06,8.174261023283e+07,5.030387542409e+04,7.322738355667e-01
5.964361683088e+03,5.816529090434e+06,8.173037856000e+07,6.281790309757e+04,9.153422944584e-01
5.990847281886e+03,5.816225735941e+06,8.171518311324e+07,7.842634089897e+04,1.144177868073e+00
6.000000000000e+03,5.816120961952e+06,8.170994317281e+07,2.709061920673e+04,3.953974225210e-01
6.013242799399e+03,5.815970991777e+06,8.170238501827e+07,3.917296599666e+04,5.720889340365e-01
6.029796298648e+03,5.815783559248e+06,8.169297362821e+07,4.892932267905e+04,7.151111675456e-01
6.055661141224e+03,5.815491453669e+06,8.167835628736e+07,7.636248048216e+04,1.117361199290e+00
6.080919776552e+03,5.815208218118e+06,8.166416480881e+07,7.448816388131e+04,1.091173046182e+00
6.106178411880e+03,5.814926530021e+06,8.165005599648e+07,7.440431354279e+04,1.091173046182e+00
6.131437047209e+03,5.814644966376e+06,8.163602924785e+07,7.432075525192e+04,1.091173046182e+00
6.144066364873e+03,5.814504270013e+06,8.162903630652e+07,3.713954769872e+04,5.455865230908e-01
6.156695682537e+03,5.814363690563e+06,8.162206372423e+07,3.711876649288e+04,5.455865230908e-01
6.169325000201e+03,5.814223219658e+06,8.161511142828e+07,3.709803314809e+04,5.455865230908e-01
6.181954317865e+03,5.814082941416e+06,8.160817934712e+07,3.707735865727e+04,5.455865230908e-01
6.197740964945e+03,5.813910573860e+06,8.159954572068e+07,4.631499159847e+04,6.819831538635e-01
6.213527612026e+03,5.813738236257e+06,8.159094342264e+07,4.628335484984e+04,6.819831538635e-01
6.233260920876e+03,5.813523330896e+06,8.158023924990e+07,5.780498273462e+04,8.524789423295e-01
6.257927556939e+03,5.813255578033e+06,8.156693465888e+07,7.217977995055e+04,1.065598677912e+00
6.277198366363e+03,5.813046440376e+06,8.155658636371e+07,5.634392221251e+04,8.324989671186e-01
6.296469175787e+03,5.812838705075e+06,8.154628376815e+07,5.629780406348e+04,8.324989671186e-01
6.315739985211e+03,5.812631388331e+06,8.153602663989e+07,5.625188175660e+04,8.324989671186e-01
6.335010794635e+03,5.812424557729e+06,8.152581474824e+07,5.620616800673e+04,8.324989671186e-01
6.359099306415e+03,5.812166772969e+06,8.151312012558e+07,7.018666550716e+04,1.040623708898e+00
6.389209946140e+03,5.811845525255e+06,8.149736071187e+07,8.762300234309e+04,1.300779636123e+00
6.400971914783e+03,5.811720057995e+06,8.149122119910e+07,3.421094308451e+04,5.081170453604e-01
6.412733883425e+03,5.811595143340e+06,8.148509816066e+07,3.419424551056e+04,5.081170453604e-01
6.424495852068e+03,5.811470246759e+06,8.147899154858e+07,3.417757377199e+04,5.081170453604e-01
6.436257820710e+03,5.811345375215e+06,8.147290131334e+07,3.416092706379e+04,5.081170453604e-01
6.450960281514e+03,5.811189331822e+06,8.146531401244e+07,4.267519530155e+04,6.351463067006e-01
6.469338357518e+03,5.810994345398e+06,8.145586953268e+07,5.330351309208e+04,7.939328833758e-01
6.483696229396e+03,5.810842089534e+06,8.144851513740e+07,4.161872127313e+04,6.202600651373e-01
6.498054101274e+03,5.810691871643e+06,8.144118478158e+07,4.159443510474e+04,6.202600651373e-01
6.512411973152e+03,5.810541682525e+06,8.143387838203e+07,4.157019795476e+04,6.202600651373e-01
6.526769845030e+03,5.810391543648e+06,8.142659585585e+07,4.154600516728e+04,6.202600651373e-01
6.544717184878e+03,5.810203944830e+06,8.141752983489e+07,5.189478960715e+04,7.753250814217e-01
6.555934272283e+03,5.810087753877e+06,8.141187804080e+07,3.241966413858e+04,4.845781758885e-01
6.567151359688e+03,5.809971574183e+06,8.140624066954e+07,3.240510621893e+04,4.845781758885e-01
6.578368447093e+03,5.809855415381e+06,8.140061767667e+07,3.239056834100e+04,4.845781758885e-01
6.589585534497e+03,5.809739285809e+06,8.139500901833e+07,3.237605177956e+04,4.845781758885e-01
6.603606893753e+03,5.809594203478e+06,8.138802051055e+07,4.044742594109e+04,6.057227198607e-01
6.621133592823e+03,5.809412954790e+06,8.137931958452e+07,5.052398995627e+04,7.571533998259e-01
6.648519060120e+03,5.809133574984e+06,8.136580858384e+07,7.885893101652e+04,1.183052187228e+00
6.675262680528e+03,5.808860755350e+06,8.135269395220e+07,7.693004186787e+04,1.155324401590e+00
6.702006300935e+03,5.808587995200e+06,8.133965845067e+07,7.684965482905e+04,1.155324401590e+00
6.728749921342e+03,5.808316598059e+06,8.132670152968e+07,7.676989215259e+04,1.155324401590e+00
6.755493541749e+03,5.808046834740e+06,8.131382264428e+07,7.669083144645e+04,1.155324401590e+00
6.772208304504e+03,5.807878276162e+06,8.130580367605e+07,4.790096555326e+04,7.220777509936e-01
6.788923067258e+03,5.807709767826e+06,8.129781491059e+07,4.787022355991e+04,7.220777509936e-01
6.805637830013e+03,5.807541326793e+06,8.128985623016e+07,4.783954785617e+04,7.220777509936e-01
6.822352592767e+03,5.807374616198e+06,8.128192754017e+07,4.780923717663e+04,7.220777509936e-01
6.839067355522e+03,5.807207948014e+06,8.127402872527e+07,4.777898907627e+04,7.220777509936e-01
6.859960808965e+03,5.806999681421e+06,8.126420166783e+07,5.967658012329e+04,9.025971887420e-01
6.886077625768e+03,5.806741732759e+06,8.125199003098e+07,7.452288748525e+04,1.128246485928e+00
6.906481388897e+03,5.806540784856e+06,8.124249351990e+07,5.817678432523e+04,8.814425671309e-01
6.926885152025e+03,5.806339853449e+06,8.123304060957e+07,5.813265753805e+04,8.814425671309e-01
6.947288915153e+03,5.806139849053e+06,8.122363108226e+07,5.808882123199e+04,8.814425671309e-01
6.967692678281e+03,5.805939869318e+06,8.121426470812e+07,5.804508395469e+04,8.814425671309e-01
6.983846339140e+03,5.805781577676e+06,8.120687628125e+07,4.592693867185e+04,6.978381491387e-01
7.000000000000e+03,5.805623344955e+06,8.119951467502e+07,4.589963398970e+04,6.978381491387e-01
7.025504703910e+03,5.805376112531e+06,8.118795805360e+07,7.240282091852e+04,1.101803208914e+00
7.051009407820e+03,5.805128943076e+06,8.117646747163e+07,7.233578967300e+04,1.101803208914e+00
7.066949847764e+03,5.804975279367e+06,8.116931155038e+07,4.518387364682e+04,6.886270055711e-01
7.082890287708e+03,5.804821638116e+06,8.116218121447e+07,4.515792491503e+04,6.886270055711e-01
7.098830727651e+03,5.804668035173e+06,8.115507635993e+07,4.513202280523e+04,6.886270055711e-01
7.114771167595e+03,5.804514488495e+06,8.114799688480e+07,4.510617049061e+04,6.886270055711e-01
7.134696717525e+03,5.804324619432e+06,8.113918702524e+07,5.634281948958e+04,8.607837569638e-01
7.159603654937e+03,5.804087305241e+06,8.112823601239e+07,7.036633736361e+04,1.075979696205e+00
7.179062199790e+03,5.803901946645e+06,8.111971776947e+07,5.493583414358e+04,8.406091376600e-01
7.198520744644e+03,5.803716647110e+06,8.111123658597e+07,5.489805214635e+04,8.406091376600e-01
7.217979289497e+03,5.803531861460e+06,8.110279229731e+07,5.486044287366e+04,8.406091376600e-01
7.227708561923e+03,5.803439532049e+06,8.109857935367e+07,2.742083788493e+04,4.203045688300e-01
7.239870152457e+03,5.803324212877e+06,8.109332751098e+07,3.426141394796e+04,5.253807110375e-01
7.255072140623e+03,5.803182189349e+06,8.108678505360e+07,4.280426529575e+04,6.567258887969e-01
7.278825247134e+03,5.802960302235e+06,8.107661673341e+07,6.682684650934e+04,1.026134201245e+00
7.302021640210e+03,5.802743660396e+06,8.106673823029e+07,6.520843809000e+04,1.002084180903e+00
7.325218033287e+03,5.802527111333e+06,8.105691097233e+07,6.515641996488e+04,1.002084180903e+00
7.348414426363e+03,5.802314676348e+06,8.104713475745e+07,6.510549311904e+04,1.002084180903e+00
7.371610819439e+03,5.802102146494e+06,8.103740931586e+07,6.505465880042e+04,1.002084180903e+00
7.400606310785e+03,5.801836123554e+06,8.102533135345e+07,8.123897798838e+04,1.252605226129e+00
7.436850674967e+03,5.801503543267e+06,8.101035614483e+07,1.014250945305e+05,1.565756532662e+00
7.465166584484e+03,5.801243743843e+06,8.099873089916e+07,7.916312926490e+04,1.223247291142e+00
7.479324539243e+03,5.801113862407e+06,8.099293674663e+07,3.956279700085e+04,6.116236455710e-01
7.493482494001e+03,5.800984719045e+06,8.098716101822e+07,3.954415899220e+04,6.116236455710e-01
7.507640448760e+03,5.800855584934e+06,8.098140367079e+07,3.952554788722e+04,6.116236455710e-01
7.521798403519e+03,5.800726472890e+06,8.097566466035e+07,3.950696345005e+04,6.116236455710e-01
7.539495846967e+03,5.800565115353e+06,8.096851945893e+07,4.935471469173e+04,7.645295569637e-01
7.561617651277e+03,5.800363496388e+06,8.095963240239e+07,6.164819525973e+04,9.556619462047e-01
7.578900310894e+03,5.800206040213e+06,8.095271642277e+07,4.813512642633e+04,7.466108954723e-01
7.596182970512e+03,5.800048758835e+06,8.094582738479e+07,4.810767061736e+04,7.466108954724e-01
7.604824300321e+03,5.799970151492e+06,8.094238958880e+07,2.404697991248e+04,3.733054477362e-01
7.613465630129e+03,5.799891579828e+06,8.093895850298e+07,2.404013651357e+04,3.733054477362e-01
7.622106959938e+03,5.799813046599e+06,8.093553411640e+07,2.403330098206e+04,3.733054477362e-01
7.630748289747e+03,5.799734555345e+06,8.093211641684e+07,2.402647415236e+04,3.733054477362e-01
7.641549952008e+03,5.799636497442e+06,8.092785471772e+07,3.002244658997e+04,4.666318096703e-01
7.655052029834e+03,5.799516512448e+06,8.092254386154e+07,3.751177693959e+04,5.832897620878e-01
7.676149026437e+03,5.799329040297e+06,8.091428517392e+07,5.857248341976e+04,9.113902532622e-01
7.717354097928e+03,5.798963162020e+06,8.089830444029e+07,1.142485853130e+05,1.780059088403e+00
7.742503677695e+03,5.798739903422e+06,8.088860594896e+07,6.967580252605e+04,1.086461845949e+00
7.767653257462e+03,5.798516724958e+06,8.087896252599e+07,6.961994530662e+04,1.086461845949e+00
7.780228047346e+03,5.798406226401e+06,8.087415454826e+07,3.479616554729e+04,5.432309229745e-01
7.792802837230e+03,5.798295731887e+06,8.086936026228e+07,3.478237597041e+04,5.432309229745e-01
7.805377627113e+03,5.798185243995e+06,8.086457962836e+07,3.476860098982e+04,5.432309229745e-01
7.817952416997e+03,5.798074772134e+06,8.085981260773e+07,3.475484525699e+04,5.432309229745e-01
7.833670904352e+03,5.797936699991e+06,8.085387502911e+07,4.342209031652e+04,6.790386537181e-01
7.853319013545e+03,5.797764190082e+06,8.084648603485e+07,5.424413802948e+04,8.487983171476e-01
7.868669098852e+03,5.797629506832e+06,8.084073344189e+07,4.235784554546e+04,6.631236852716e-01
7.884019184159e+03,5.797494943314e+06,8.083500083980e+07,4.233750323529e+04,6.631236852716e-01
7.899369269467e+03,5.797361989171e+06,8.082928817355e+07,4.231742653581e+04,6.631236852716e-01
7.914719354774e+03,5.797229042098e+06,8.082359536799e+07,4.229738276463e+04,6.631236852716e-01
7.933906961408e+03,5.797062878673e+06,8.081651025615e+07,5.284045659790e+04,8.289046065894e-01
7.957891469700e+03,5.796855218714e+06,8.080770187851e+07,6.600180898704e+04,1.036130758237e+00
7.978945734850e+03,5.796672996262e+06,8.080000645768e+07,5.790072272258e+04,9.095442544721e-01
8.000000000000e+03,5.796492982729e+06,8.079234770006e+07,5.786374929410e+04,9.095442544721e-01
8.025701007263e+03,5.796273259987e+06,8.078305293326e+07,7.057948043733e+04,1.110283513760e+00
8.051402014526e+03,5.796053597855e+06,8.077381214646e+07,7.052463348993e+04,1.110283513760e+00
8.077103021789e+03,5.795835869456e+06,8.076462504452e+07,7.047038100413e+04,1.110283513760e+00
8.102804029052e+03,5.795618166673e+06,8.075549130181e+07,7.041625341231e+04,1.110283513760e+00
8.118867158591e+03,5.795482128485e+06,8.074980347401e+07,4.398905539474e+04,6.939271960999e-01
8.134930288131e+03,5.795346134959e+06,8.074413632997e+07,4.396798549429e+04,6.939271960999e-01
8.150993417670e+03,5.795210212309e+06,8.073848979331e+07,4.394695489755e+04,6.939271960999e-01
8.167056547209e+03,5.795074380273e+06,8.073286378827e+07,4.392596570273e+04,6.939271960999e-01
8.183119676749e+03,5.794940608801e+06,8.072725825923e+07,4.390532017100e+04,6.939271960999e-01
8.203198588673e+03,5.794773406582e+06,8.072028320858e+07,5.484944212874e+04,8.674089951248e-01
8.228297228578e+03,5.794564435171e+06,8.071161394762e+07,6.851157842510e+04,1.084261243906e+00
8.247905541004e+03,5.794401224272e+06,8.070487121491e+07,5.349408010900e+04,8.470790968016e-01
8.267513853430e+03,5.794238079900e+06,8.069815849042e+07,5.346354971103e+04,8.470790968016e-01
8.287122165856e+03,5.794075014148e+06,8.069147565012e+07,5.343308190796e+04,8.470790968016e-01
8.306730478282e+03,5.793914310188e+06,8.068482259070e+07,5.340309720668e+04,8.470790968016e-01
8.331240868814e+03,5.793713445949e+06,8.067655253175e+07,6.670711399996e+04,1.058848871002e+00
8.361878856980e+03,5.793462414792e+06,8.066628674543e+07,8.331100368908e+04,1.323561088752e+00
8.385814785234e+03,5.793266363741e+06,8.065831016796e+07,6.504234419518e+04,1.034032100588e+00
8.397782749361e+03,5.793168398541e+06,8.065433273873e+07,3.251009949624e+04,5.170160502939e-01
8.409750713489e+03,5.793070461558e+06,8.065036613864e+07,3.249903595214e+04,5.170160502939e-01
8.421718677616e+03,5.792972556865e+06,8.064641033757e+07,3.248799229145e+04,5.170160502939e-01
8.433686641743e+03,5.792874689106e+06,8.064246530561e+07,3.247696218357e+04,5.170160502939e-01
8.448646596902e+03,5.792754636689e+06,8.063755080565e+07,4.057930905916e+04,6.462700628674e-01
8.467346540851e+03,5.792604590221e+06,8.063143379370e+07,5.069777483493e+04,8.078375785843e-01
8.496565203270e+03,5.792370195197e+06,8.062193929899e+07,7.915104591185e+04,1.262246216538e+00
8.510832128280e+03,5.792255789931e+06,8.061731836306e+07,3.863269022914e+04,6.163311604189e-01
8.525099053290e+03,5.792141423589e+06,8.061271242613e+07,3.861743008871e+04,6.163311604189e-01
8.539365978300e+03,5.792027122592e+06,8.060812144019e+07,3.860219527861e+04,6.163311604189e-01
8.553632903309e+03,5.791912896463e+06,8.060354535805e+07,3.858698701297e+04,6.163311604189e-01
8.571466559571e+03,5.791772280314e+06,8.059784847352e+07,4.821035680713e+04,7.704139505237e-01
8.593758629899e+03,5.791596517874e+06,8.059076345784e+07,6.022648058746e+04,9.630174381546e-01
8.628589989786e+03,5.791322889143e+06,8.057978058511e+07,9.401536249691e+04,1.504714747117e+00
8.662604989676e+03,5.791055719536e+06,8.056913790822e+07,9.172769278730e+04,1.469447995231e+00
8.679612489620e+03,5.790923180084e+06,8.056383719200e+07,4.584300282475e+04,7.347239976155e-01
8.696619989565e+03,5.790790940367e+06,8.055855701882e+07,4.582223406193e+04,7.347239976155e-01
8.713627489510e+03,5.790658709553e+06,8.055329730917e+07,4.580149230098e+04,7.347239976155e-01
8.730634989455e+03,5.790526493372e+06,8.054805800667e+07,4.578077957037e+04,7.347239976155e-01
8.751894364386e+03,5.790361251769e+06,8.054154063583e+07,5.719366035801e+04,9.184049970193e-01
8.778468583050e+03,5.790156834820e+06,8.053344329439e+07,7.144218862054e+04,1.148006246274e+00
8.819990799712e+03,5.789837623372e+06,8.052091071569e+07,1.115070153392e+05,1.793759759803e+00
8.840265319566e+03,5.789681824709e+06,8.051481965906e+07,5.441791421467e+04,8.758592577164e-01
8.860539839421e+03,5.789526092450e+06,8.050875685382e+07,5.438909897180e+04,8.758592577164e-01
8.880814359275e+03,5.789370443236e+06,8.050272218861e+07,5.436034094654e+04,8.758592577164e-01
8.901088879130e+03,5.789217208964e+06,8.049671558020e+07,5.433206744381e+04,8.758592577164e-01
8.926432028948e+03,5.789025684169e+06,8.048925093636e+07,6.787098569535e+04,1.094824072146e+00
8.958110966221e+03,5.788786323472e+06,8.047998788050e+07,8.476998130318e+04,1.368530090182e+00
8.979055483110e+03,5.788628141144e+06,8.047389310720e+07,5.601565629881e+04,9.048031296318e-01
9.000000000000e+03,5.788470113785e+06,8.046782771067e+07,5.598574628851e+04,9.048031296318e-01
9.020944516890e+03,5.788314331200e+06,8.046179159921e+07,5.595629927088e+04,9.048031296318e-01
9.041889033779e+03,5.788158548409e+06,8.045578464607e+07,5.592690206965e+04,9.048031296318e-01
9.068069679891e+03,5.787963848584e+06,8.044832128314e+07,6.986277300534e+04,1.131003912040e+00
9.100795487531e+03,5.787720961461e+06,8.043906246247e+07,8.725710663349e+04,1.413754890050e+00
9.117158391351e+03,5.787599546587e+06,8.043445058481e+07,4.361074776616e+04,7.068774450248e-01
9.133521295171e+03,5.787479087075e+06,8.042985618927e+07,4.359310096228e+04,7.068774450248e-01
9.149884198991e+03,5.787358632766e+06,8.042527921308e+07,4.357547641077e+04,7.068774450248e-01
9.170337828766e+03,5.787208084099e+06,8.041958509394e+07,5.444184360419e+04,8.835968062811e-01
9.195904865985e+03,5.787019918645e+06,8.041250956569e+07,6.800940566387e+04,1.104496007851e+00
9.215879113812e+03,5.786872978572e+06,8.040700740690e+07,5.310621686555e+04,8.628875061339e-01
9.235853361640e+03,5.786726096986e+06,8.040153074213e+07,5.308013067610e+04,8.628875061339e-01
9.255827609467e+03,5.786581521332e+06,8.039607949754e+07,5.305448614944e+04,8.628875061339e-01
9.275801857294e+03,5.786436961431e+06,8.039065356764e+07,5.302888185515e+04,8.628875061339e-01
9.300769667078e+03,5.786256291708e+06,8.038391052041e+07,6.624616220185e+04,1.078609382667e+00
9.331979429308e+03,5.786031215098e+06,8.037554285926e+07,8.274562214646e+04,1.348261728334e+00
9.363189191538e+03,5.785807489374e+06,8.036723597406e+07,8.268403842179e+04,1.348261728334e+00
9.382695292931e+03,5.785667696870e+06,8.036206780789e+07,5.165351529215e+04,8.426635802090e-01
9.402201394325e+03,5.785527947320e+06,8.035692317921e+07,5.162954475064e+04,8.426635802090e-01
9.421707495719e+03,5.785388254263e+06,8.035180198843e+07,5.160561450031e+04,8.426635802090e-01
9.441213597113e+03,5.785248648267e+06,8.034670423909e+07,5.158172997647e+04,8.426635802090e-01
9.465596223855e+03,5.785075452033e+06,8.034036866083e+07,6.444017486955e+04,1.053329475261e+00
9.489978850597e+03,5.784902373437e+06,8.033406936474e+07,6.440327175862e+04,1.053329475261e+00
9.505217992311e+03,5.784794266820e+06,8.033014641233e+07,4.023765723245e+04,6.583309220383e-01
9.520457134025e+03,5.784686224364e+06,8.032623751019e+07,4.022329138122e+04,6.583309220383e-01
9.535696275739e+03,5.784580111938e+06,8.032234262021e+07,4.020919494002e+04,6.583309220383e-01
9.550935417452e+03,5.784474004378e+06,8.031846168224e+07,4.019511497495e+04,6.583309220383e-01
9.569984344595e+03,5.784341386462e+06,8.031363220520e+07,5.022192027419e+04,8.229136525478e-01
9.593795503523e+03,5.784176388327e+06,8.030762907373e+07,6.274327264087e+04,1.028642065685e+00
9.631000439347e+03,5.783918623235e+06,8.029833078772e+07,9.795322039950e+04,1.607253227633e+00
9.649166911918e+03,5.783793857351e+06,8.029380998834e+07,4.780910369040e+04,7.847916150550e-01
9.667333384489e+03,5.783669102288e+06,8.028930848237e+07,4.778951149610e+04,7.847916150550e-01
9.685499857060e+03,5.783544373565e+06,8.028482618769e+07,4.776994576492e+04,7.847916150550e-01
9.703666329630e+03,5.783419686261e+06,8.028036302403e+07,4.775040866738e+04,7.847916150550e-01
9.726374420344e+03,5.783263897876e+06,8.027481380934e+07,5.965753677248e+04,9.809895188187e-01
9.740566977040e+03,5.783166591103e+06,8.027135712867e+07,3.727407748931e+04,6.131184492617e-01
9.754759533735e+03,5.783069354355e+06,8.026791198940e+07,3.726221355263e+04,6.131184492617e-01
9.768952090431e+03,5.782972199342e+06,8.026447835464e+07,3.725036996790e+04,6.131184492617e-01
9.783144647127e+03,5.782875135556e+06,8.026105618778e+07,3.723854794445e+04,6.131184492617e-01
9.800885342997e+03,5.782756351440e+06,8.025679635156e+07,4.653011518270e+04,7.663980615771e-01
9.818626038867e+03,5.782637582280e+06,8.025255430656e+07,4.651207208528e+04,7.663980615771e-01
9.840801908704e+03,5.782489155467e+06,8.024727940539e+07,5.811193341194e+04,9.579975769714e-01
9.868521746001e+03,5.782305509142e+06,8.024072874365e+07,7.259643695235e+04,1.197496971214e+00
9.911833991777e+03,5.782018769405e+06,8.023059720426e+07,1.133260849903e+05,1.871089017522e+00
9.933875493833e+03,5.781872897853e+06,8.022546804274e+07,5.764403387811e+04,9.521928888111e-01
9.955916995888e+03,5.781728945121e+06,8.022036552260e+07,5.761707708817e+04,9.521928888111e-01
9.977958497944e+03,5.781585003694e+06,8.021528950102e+07,5.759015967761e+04,9.521928888111e-01
1.000000000000e+04,5.781441086393e+06,8.021023984170e+07,5.756328202532e+04,9.521928888111e-01
