# Observation File: water_balance.dat column names:
# -----------------------------------------------------------------------------
# Observation Name: time [d]
# -----------------------------------------------------------------------------
# Observation Name: surface water content [mol]
# Region: surface domain
# Reduction: extensive integral
# Variable: surface-water_content
# Number of Vectors: 1
# -----------------------------------------------------------------------------
# Observation Name: subsurface water content [mol]
# Region: computational domain
# Reduction: extensive integral
# Variable: water_content
# Number of Vectors: 1
# -----------------------------------------------------------------------------
# Observation Name: runoff [mol d^-1]
# Region: surface outlet
# Reduction: extensive integral
# Variable: surface-water_flux
# Number of Vectors: 1
# -----------------------------------------------------------------------------
# Observation Name: runoff subsurface [mol d^-1]
# Region: lakeside
# Reduction: extensive integral
# Variable: water_flux
# Number of Vectors: 1
# -----------------------------------------------------------------------------
# Observation Name: irrigation [m d^-1]
# Region: surface domain
# Reduction: integral
# Variable: surface-water_source
# Number of Vectors: 1
# =============================================================================
"time [d]","surface water content [mol]","subsurface water content [mol]","runoff [mol d^-1]","runoff subsurface [mol d^-1]","irrigation [m d^-1]"
0.000000000000e+00,5.642838486194e+06,8.018569072038e+07,0.000000000000e+00,0.000000000000e+00,0.000000000000e+00
4.166666666667e-02,5.642808926340e+06,8.018561147428e+07,0.000000000000e+00,1.088058639181e+02,0.000000000000e+00
8.333333333333e-02,5.642780265176e+06,8.018553135420e+07,0.000000000000e+00,1.087812410512e+02,0.000000000000e+00
1.250000000000e-01,5.642752670783e+06,8.018545019687e+07,0.000000000000e+00,1.087509684184e+02,0.000000000000e+00
1.666666666667e-01,5.642726159311e+06,8.018536799286e+07,0.000000000000e+00,1.087173582359e+02,0.000000000000e+00
2.083333333333e-01,5.642700653388e+06,8.018528481846e+07,0.000000000000e+00,1.086818202872e+02,0.000000000000e+00
2.500000000000e-01,5.642676027179e+06,8.018520080068e+07,0.000000000000e+00,1.086451788366e+02,0.000000000000e+00
2.916666666667e-01,5.642652133221e+06,8.018511608762e+07,0.000000000000e+00,1.086079115960e+02,0.000000000000e+00
3.333333333333e-01,5.642628823905e+06,8.018503082729e+07,0.000000000000e+00,1.085702977410e+02,0.000000000000e+00
3.750000000000e-01,5.642605964154e+06,8.018494515501e+07,0.000000000000e+00,1.085325025132e+02,0.000000000000e+00
4.166666666667e-01,5.642583436748e+06,8.018485918810e+07,0.000000000000e+00,1.084946249234e+02,0.000000000000e+00
4.583333333333e-01,5.642561142423e+06,8.018477302587e+07,0.000000000000e+00,1.084567252936e+02,0.000000000000e+00
5.000000000000e-01,5.642538996337e+06,8.018468675283e+07,0.000000000000e+00,1.084188419675e+02,0.000000000000e+00
5.416666666667e-01,5.642516923708e+06,8.018460044419e+07,0.000000000000e+00,1.083810023257e+02,0.000000000000e+00
5.833333333333e-01,5.642494850715e+06,8.018451417368e+07,0.000000000000e+00,1.083432314537e+02,0.000000000000e+00
6.250000000000e-01,5.642472691466e+06,8.018442802706e+07,0.000000000000e+00,1.083055621066e+02,0.000000000000e+00
6.666666666667e-01,5.642450308987e+06,8.018434214086e+07,0.000000000000e+00,1.082680582483e+02,0.000000000000e+00
7.083333333333e-01,5.642429518447e+06,8.018425470245e+07,0.000000000000e+00,1.082289649651e+02,0.000000000000e+00
7.500000000000e-01,5.642409118272e+06,8.018416691318e+07,0.000000000000e+00,1.081895860869e+02,0.000000000000e+00
7.916666666667e-01,5.642388867121e+06,8.018407901409e+07,0.000000000000e+00,1.081502260610e+02,0.000000000000e+00
8.333333333333e-01,5.642368737112e+06,8.018399103344e+07,0.000000000000e+00,1.081108321668e+02,0.000000000000e+00
8.750000000000e-01,5.642348701034e+06,8.018390299838e+07,0.000000000000e+00,1.080713666433e+02,0.000000000000e+00
9.166666666667e-01,5.642328737873e+06,8.018381492998e+07,0.000000000000e+00,1.080318103679e+02,0.000000000000e+00
9.583333333333e-01,5.642308831903e+06,8.018372684407e+07,0.000000000000e+00,1.079921501614e+02,0.000000000000e+00
1.000000000000e+00,5.642288971435e+06,8.018363875242e+07,0.000000000000e+00,1.079523749482e+02,0.000000000000e+00
1.041666666667e+00,5.642269148242e+06,8.020335066334e+07,0.000000000000e+00,1.079124766186e+02,3.600000000000e-01
1.083333333333e+00,5.642249356243e+06,8.022306258313e+07,0.000000000000e+00,1.078724467858e+02,3.600000000000e-01
1.125000000000e+00,5.642229590053e+06,8.024277451696e+07,0.000000000000e+00,1.078322763535e+02,3.600000000000e-01
1.166666666667e+00,5.642209845305e+06,8.026248647048e+07,0.000000000000e+00,1.077919567971e+02,3.600000000000e-01
1.208333333333e+00,5.642190118491e+06,8.028219844582e+07,0.000000000000e+00,1.077514802820e+02,3.600000000000e-01
1.250000000000e+00,5.642170408398e+06,8.030191044507e+07,0.000000000000e+00,1.077108404794e+02,3.600000000000e-01
1.291666666667e+00,5.642150713541e+06,8.032162246990e+07,0.000000000000e+00,1.076700319335e+02,3.600000000000e-01
1.333333333333e+00,5.642131031252e+06,8.034133452314e+07,0.000000000000e+00,1.076290481631e+02,3.600000000000e-01
1.375000000000e+00,5.642111359427e+06,8.036104660708e+07,0.000000000000e+00,1.075878832366e+02,3.600000000000e-01
1.416666666667e+00,5.642091696420e+06,8.038075873047e+07,0.000000000000e+00,1.075465317548e+02,3.600000000000e-01
1.458333333333e+00,5.642072040910e+06,8.040047088663e+07,0.000000000000e+00,1.075049887667e+02,3.600000000000e-01
1.500000000000e+00,5.642052391829e+06,8.042018307702e+07,0.000000000000e+00,1.074632497436e+02,3.600000000000e-01
1.541666666667e+00,5.642032748292e+06,8.043989530197e+07,0.000000000000e+00,1.074213105666e+02,3.600000000000e-01
1.583333333333e+00,5.642013109563e+06,8.045960756291e+07,0.000000000000e+00,1.073791675159e+02,3.600000000000e-01
1.625000000000e+00,5.641993475022e+06,8.047931986147e+07,0.000000000000e+00,1.073368172606e+02,3.600000000000e-01
1.666666666667e+00,5.641973844142e+06,8.049903219877e+07,0.000000000000e+00,1.072942568480e+02,3.600000000000e-01
1.708333333333e+00,5.641954216470e+06,8.051874457552e+07,0.000000000000e+00,1.072514836940e+02,3.600000000000e-01
1.750000000000e+00,5.641934591620e+06,8.053845699228e+07,0.000000000000e+00,1.072084955737e+02,3.600000000000e-01
1.791666666667e+00,5.641914969255e+06,8.055816944962e+07,0.000000000000e+00,1.071652906112e+02,3.600000000000e-01
1.833333333333e+00,5.641895349082e+06,8.057788194811e+07,0.000000000000e+00,1.071218672706e+02,3.600000000000e-01
1.875000000000e+00,5.641875730847e+06,8.059759448826e+07,0.000000000000e+00,1.070782243468e+02,3.600000000000e-01
1.916666666667e+00,5.641856114327e+06,8.061730707054e+07,0.000000000000e+00,1.070343609559e+02,3.600000000000e-01
1.958333333333e+00,5.641836499324e+06,8.063701969538e+07,0.000000000000e+00,1.069902765254e+02,3.600000000000e-01
2.000000000000e+00,5.641816885668e+06,8.065673236315e+07,0.000000000000e+00,1.069459707854e+02,3.600000000000e-01
2.041666666667e+00,5.641797273204e+06,8.067644507424e+07,0.000000000000e+00,1.069014437584e+02,3.600000000000e-01
2.083333333333e+00,5.641777661799e+06,8.069615782901e+07,0.000000000000e+00,1.068566957503e+02,3.600000000000e-01
2.125000000000e+00,5.641758051335e+06,8.071587062781e+07,0.000000000000e+00,1.068117273401e+02,3.600000000000e-01
2.166666666667e+00,5.641738441705e+06,8.073558347095e+07,0.000000000000e+00,1.067665393708e+02,3.600000000000e-01
2.208333333333e+00,5.641718832816e+06,8.075529635875e+07,0.000000000000e+00,1.067211329392e+02,3.600000000000e-01
2.250000000000e+00,5.641699224586e+06,8.077500929151e+07,0.000000000000e+00,1.066755093863e+02,3.600000000000e-01
2.291666666667e+00,5.641679616944e+06,8.079472226951e+07,0.000000000000e+00,1.066296688516e+02,3.600000000000e-01
2.333333333333e+00,5.641660009829e+06,8.081443529303e+07,0.000000000000e+00,1.065836133893e+02,3.600000000000e-01
2.375000000000e+00,5.641640403188e+06,8.083414836234e+07,0.000000000000e+00,1.065373454323e+02,3.600000000000e-01
2.416666666667e+00,5.641620796977e+06,8.085386147769e+07,0.000000000000e+00,1.064908672454e+02,3.600000000000e-01
2.458333333333e+00,5.641601191155e+06,8.087357463934e+07,0.000000000000e+00,1.064441812370e+02,3.600000000000e-01
2.500000000000e+00,5.641581585691e+06,8.089328784752e+07,0.000000000000e+00,1.063972899940e+02,3.600000000000e-01
2.541666666667e+00,5.641561980555e+06,8.091300110247e+07,0.000000000000e+00,1.063501962787e+02,3.600000000000e-01
2.583333333333e+00,5.641542375722e+06,8.093271440440e+07,0.000000000000e+00,1.063029030196e+02,3.600000000000e-01
2.625000000000e+00,5.641522771172e+06,8.095242775354e+07,0.000000000000e+00,1.062554133033e+02,3.600000000000e-01
2.666666666667e+00,5.641503166886e+06,8.097214115011e+07,0.000000000000e+00,1.062077303651e+02,3.600000000000e-01
2.708333333333e+00,5.641483562849e+06,8.099185459429e+07,0.000000000000e+00,1.061598575811e+02,3.600000000000e-01
2.750000000000e+00,5.641463959048e+06,8.101156808630e+07,0.000000000000e+00,1.061117984584e+02,3.600000000000e-01
2.791666666667e+00,5.641444355526e+06,8.103128162626e+07,0.000000000000e+00,1.060635564930e+02,3.600000000000e-01
2.833333333333e+00,5.641424752364e+06,8.105099521429e+07,0.000000000000e+00,1.060151354852e+02,3.600000000000e-01
2.875000000000e+00,5.641405149637e+06,8.107070885048e+07,0.000000000000e+00,1.059665392964e+02,3.600000000000e-01
2.916666666667e+00,5.641385547399e+06,8.109042253495e+07,0.000000000000e+00,1.059177722180e+02,3.600000000000e-01
2.958333333333e+00,5.641365945685e+06,8.111013626783e+07,0.000000000000e+00,1.058688383421e+02,3.600000000000e-01
3.000000000000e+00,5.641346344509e+06,8.112985004926e+07,0.000000000000e+00,1.058197418030e+02,3.600000000000e-01
3.041666666667e+00,5.641326743874e+06,8.112976388200e+07,0.000000000000e+00,1.057704868093e+02,0.000000000000e+00
3.083333333333e+00,5.641307143776e+06,8.112967776102e+07,0.000000000000e+00,1.057210776398e+02,0.000000000000e+00
3.125000000000e+00,5.641287544208e+06,8.112959169145e+07,0.000000000000e+00,1.056715186374e+02,0.000000000000e+00
3.166666666667e+00,5.641267945155e+06,8.112950566887e+07,0.000000000000e+00,1.056218142020e+02,0.000000000000e+00
3.208333333333e+00,5.641248346603e+06,8.112941969549e+07,0.000000000000e+00,1.055719687841e+02,0.000000000000e+00
3.250000000000e+00,5.641228748538e+06,8.112933377158e+07,0.000000000000e+00,1.055219868782e+02,0.000000000000e+00
3.291666666667e+00,5.641209150946e+06,8.112924789731e+07,0.000000000000e+00,1.054718730171e+02,0.000000000000e+00
3.333333333333e+00,5.641189553813e+06,8.112916207282e+07,0.000000000000e+00,1.054216317657e+02,0.000000000000e+00
3.375000000000e+00,5.641169957129e+06,8.112907629824e+07,0.000000000000e+00,1.053712677155e+02,0.000000000000e+00
3.416666666667e+00,5.641150360881e+06,8.112899057371e+07,0.000000000000e+00,1.053207854793e+02,0.000000000000e+00
3.458333333333e+00,5.641130765060e+06,8.112890489934e+07,0.000000000000e+00,1.052701896862e+02,0.000000000000e+00
3.500000000000e+00,5.641111169659e+06,8.112881927526e+07,0.000000000000e+00,1.052194849762e+02,0.000000000000e+00
3.541666666667e+00,5.641091574672e+06,8.112873370157e+07,0.000000000000e+00,1.051686759962e+02,0.000000000000e+00
3.583333333333e+00,5.641071980093e+06,8.112864817838e+07,0.000000000000e+00,1.051177673946e+02,0.000000000000e+00
3.625000000000e+00,5.641052385917e+06,8.112856270580e+07,0.000000000000e+00,1.050667638180e+02,0.000000000000e+00
3.666666666667e+00,5.641032792142e+06,8.112847728391e+07,0.000000000000e+00,1.050156616783e+02,0.000000000000e+00
3.708333333333e+00,5.641013198767e+06,8.112839191283e+07,0.000000000000e+00,1.049644550996e+02,0.000000000000e+00
3.750000000000e+00,5.640993605789e+06,8.112830659266e+07,0.000000000000e+00,1.049131527285e+02,0.000000000000e+00
3.791666666667e+00,5.640974013209e+06,8.112822132348e+07,0.000000000000e+00,1.048617599681e+02,0.000000000000e+00
3.833333333333e+00,5.640954421058e+06,8.112813635422e+07,0.000000000000e+00,1.048102814777e+02,0.000000000000e+00
3.875000000000e+00,5.640934829307e+06,8.112805140636e+07,0.000000000000e+00,1.047587216267e+02,0.000000000000e+00
3.916666666667e+00,5.640915237959e+06,8.112796648356e+07,0.000000000000e+00,1.047070846895e+02,0.000000000000e+00
3.958333333333e+00,5.640895647016e+06,8.112788158928e+07,0.000000000000e+00,1.046553749245e+02,0.000000000000e+00
4.000000000000e+00,5.640876056482e+06,8.112779672640e+07,0.000000000000e+00,1.046035966022e+02,0.000000000000e+00
4.041666666667e+00,5.640856466361e+06,8.112771189743e+07,0.000000000000e+00,1.045517540115e+02,0.000000000000e+00
4.083333333333e+00,5.640836876658e+06,8.112762710452e+07,0.000000000000e+00,1.044998514582e+02,0.000000000000e+00
4.125000000000e+00,5.640817287379e+06,8.112754234956e+07,0.000000000000e+00,1.044478932602e+02,0.000000000000e+00
4.166666666667e+00,5.640797698530e+06,8.112745763419e+07,0.000000000000e+00,1.043958837407e+02,0.000000000000e+00
4.208333333333e+00,5.640778110114e+06,8.112737295988e+07,0.000000000000e+00,1.043438272230e+02,0.000000000000e+00
4.250000000000e+00,5.640758522139e+06,8.112728832790e+07,0.000000000000e+00,1.042917280243e+02,0.000000000000e+00
4.291666666667e+00,5.640738934612e+06,8.112720373939e+07,0.000000000000e+00,1.042395904492e+02,0.000000000000e+00
4.333333333333e+00,5.640719347539e+06,8.112711919533e+07,0.000000000000e+00,1.041874187861e+02,0.000000000000e+00
4.375000000000e+00,5.640699760928e+06,8.112703469660e+07,0.000000000000e+00,1.041352173010e+02,0.000000000000e+00
4.416666666667e+00,5.640680174787e+06,8.112695024398e+07,0.000000000000e+00,1.040829902333e+02,0.000000000000e+00
4.458333333333e+00,5.640660589128e+06,8.112686583817e+07,0.000000000000e+00,1.040307417930e+02,0.000000000000e+00
4.500000000000e+00,5.640641003950e+06,8.112678147980e+07,0.000000000000e+00,1.039784761519e+02,0.000000000000e+00
4.541666666667e+00,5.640621419258e+06,8.112669716933e+07,0.000000000000e+00,1.039261974492e+02,0.000000000000e+00
4.583333333333e+00,5.640601835065e+06,8.112661290719e+07,0.000000000000e+00,1.038739097784e+02,0.000000000000e+00
4.625000000000e+00,5.640582251370e+06,8.112652869375e+07,0.000000000000e+00,1.038216171916e+02,0.000000000000e+00
4.666666666667e+00,5.640562668197e+06,8.112644452933e+07,0.000000000000e+00,1.037693236946e+02,0.000000000000e+00
4.708333333333e+00,5.640543085538e+06,8.112636041417e+07,0.000000000000e+00,1.037170332430e+02,0.000000000000e+00
4.750000000000e+00,5.640523503416e+06,8.112627634845e+07,0.000000000000e+00,1.036647497409e+02,0.000000000000e+00
4.791666666667e+00,5.640503921822e+06,8.112619233227e+07,0.000000000000e+00,1.036124770404e+02,0.000000000000e+00
4.833333333333e+00,5.640484340787e+06,8.112610836565e+07,0.000000000000e+00,1.035602189380e+02,0.000000000000e+00
4.875000000000e+00,5.640464760291e+06,8.112602444842e+07,0.000000000000e+00,1.035079791744e+02,0.000000000000e+00
4.916666666667e+00,5.640445180345e+06,8.112594058017e+07,0.000000000000e+00,1.034557614316e+02,0.000000000000e+00
4.958333333333e+00,5.640425600967e+06,8.112585675990e+07,0.000000000000e+00,1.034035693338e+02,0.000000000000e+00
5.000000000000e+00,5.640406022165e+06,8.112577298516e+07,0.000000000000e+00,1.033514064450e+02,0.000000000000e+00
5.041666666667e+00,5.640386443948e+06,8.114548926439e+07,0.000000000000e+00,1.032992762677e+02,3.600000000000e-01
5.083333333333e+00,5.640366866323e+06,8.116520559374e+07,0.000000000000e+00,1.032471822430e+02,3.600000000000e-01
5.125000000000e+00,5.640347289299e+06,8.118492197564e+07,0.000000000000e+00,1.031951277498e+02,3.600000000000e-01
5.166666666667e+00,5.640327712881e+06,8.120463840894e+07,0.000000000000e+00,1.031431161040e+02,3.600000000000e-01
5.208333333333e+00,5.640308137077e+06,8.122435489811e+07,0.000000000000e+00,1.030911505587e+02,3.600000000000e-01
5.250000000000e+00,5.640288561896e+06,8.124407143527e+07,0.000000000000e+00,1.030392343031e+02,3.600000000000e-01
5.291666666667e+00,5.640268987344e+06,8.126378802280e+07,0.000000000000e+00,1.029873704629e+02,3.600000000000e-01
5.333333333333e+00,5.640249413429e+06,8.128350466127e+07,0.000000000000e+00,1.029355621000e+02,3.600000000000e-01
5.375000000000e+00,5.640229840157e+06,8.130322135079e+07,0.000000000000e+00,1.028838122124e+02,3.600000000000e-01
5.416666666667e+00,5.640210267535e+06,8.132293809131e+07,0.000000000000e+00,1.028321237342e+02,3.600000000000e-01
5.458333333333e+00,5.640190695639e+06,8.134265488272e+07,0.000000000000e+00,1.027804995379e+02,3.600000000000e-01
5.500000000000e+00,5.640171124815e+06,8.136237172461e+07,0.000000000000e+00,1.027289424998e+02,3.600000000000e-01
5.541666666667e+00,5.640151555058e+06,8.138208861691e+07,0.000000000000e+00,1.026774553737e+02,3.600000000000e-01
5.583333333333e+00,5.640131986287e+06,8.140180555965e+07,0.000000000000e+00,1.026260408351e+02,3.600000000000e-01
5.625000000000e+00,5.640112418482e+06,8.142152255275e+07,0.000000000000e+00,1.025747015089e+02,3.600000000000e-01
5.666666666667e+00,5.640092851674e+06,8.144123959612e+07,0.000000000000e+00,1.025234400183e+02,3.600000000000e-01
5.708333333333e+00,5.640073285867e+06,8.146095668967e+07,0.000000000000e+00,1.024722588841e+02,3.600000000000e-01
5.750000000000e+00,5.640053721042e+06,8.148067383333e+07,0.000000000000e+00,1.024211605419e+02,3.600000000000e-01
5.791666666667e+00,5.640034157177e+06,8.150039102705e+07,0.000000000000e+00,1.023701473658e+02,3.600000000000e-01
5.833333333333e+00,5.640014594217e+06,8.152010871624e+07,0.000000000000e+00,1.023192216740e+02,3.600000000000e-01
5.875000000000e+00,5.639995032171e+06,8.153982638477e+07,0.000000000000e+00,1.022683857259e+02,3.600000000000e-01
5.916666666667e+00,5.639975471004e+06,8.155954404580e+07,0.000000000000e+00,1.022176417232e+02,3.600000000000e-01
5.958333333333e+00,5.639955910701e+06,8.157926171050e+07,0.000000000000e+00,1.021669918103e+02,3.600000000000e-01
6.000000000000e+00,5.639936351317e+06,8.159897938803e+07,0.000000000000e+00,1.021164380724e+02,3.600000000000e-01
6.041666666667e+00,5.639916792742e+06,8.161869708573e+07,0.000000000000e+00,1.020659825406e+02,3.600000000000e-01
6.083333333333e+00,5.639897235029e+06,8.163841480938e+07,0.000000000000e+00,1.020156271870e+02,3.600000000000e-01
6.125000000000e+00,5.639877678148e+06,8.165813256338e+07,0.000000000000e+00,1.019653739286e+02,3.600000000000e-01
6.166666666667e+00,5.639858122109e+06,8.167785035103e+07,0.000000000000e+00,1.019152246287e+02,3.600000000000e-01
6.208333333333e+00,5.639838566902e+06,8.169756817467e+07,0.000000000000e+00,1.018651810956e+02,3.600000000000e-01
6.250000000000e+00,5.639819012530e+06,8.171728603584e+07,0.000000000000e+00,1.018152450849e+02,3.600000000000e-01
6.291666666667e+00,5.639799458987e+06,8.173700393535e+07,0.000000000000e+00,1.017654182998e+02,3.600000000000e-01
6.333333333333e+00,5.639779906273e+06,8.175672187330e+07,0.000000000000e+00,1.017157023919e+02,3.600000000000e-01
6.375000000000e+00,5.639760354388e+06,8.177643984876e+07,0.000000000000e+00,1.016660989619e+02,3.600000000000e-01
6.416666666667e+00,5.639740803331e+06,8.179615785948e+07,0.000000000000e+00,1.016166095608e+02,3.600000000000e-01
6.458333333333e+00,5.639721253101e+06,8.181587590103e+07,0.000000000000e+00,1.015672356903e+02,3.600000000000e-01
6.500000000000e+00,5.639701703698e+06,8.183559396495e+07,0.000000000000e+00,1.015179788039e+02,3.600000000000e-01
6.541666666667e+00,5.639682155121e+06,8.185531203653e+07,0.000000000000e+00,1.014688403077e+02,3.600000000000e-01
6.583333333333e+00,5.639662607446e+06,8.187503016437e+07,0.000000000000e+00,1.014198215605e+02,3.600000000000e-01
6.625000000000e+00,5.639643060602e+06,8.189474834021e+07,0.000000000000e+00,1.013709238769e+02,3.600000000000e-01
6.666666666667e+00,5.639623514593e+06,8.191446656309e+07,0.000000000000e+00,1.013221485253e+02,3.600000000000e-01
6.708333333333e+00,5.639603969417e+06,8.193418474838e+07,0.000000000000e+00,1.012734967297e+02,3.600000000000e-01
6.750000000000e+00,5.639584425076e+06,8.195390306775e+07,0.000000000000e+00,1.012249696715e+02,3.600000000000e-01
6.791666666667e+00,5.639564881571e+06,8.197362143468e+07,0.000000000000e+00,1.011765684890e+02,3.600000000000e-01
6.833333333333e+00,5.639545338901e+06,8.199333984906e+07,0.000000000000e+00,1.011282942791e+02,3.600000000000e-01
6.875000000000e+00,5.639525797067e+06,8.201305831074e+07,0.000000000000e+00,1.010801480976e+02,3.600000000000e-01
6.916666666667e+00,5.639506256069e+06,8.203277681959e+07,0.000000000000e+00,1.010321309600e+02,3.600000000000e-01
6.958333333333e+00,5.639486715907e+06,8.205249537542e+07,0.000000000000e+00,1.009842438428e+02,3.600000000000e-01
7.000000000000e+00,5.639467176580e+06,8.207221397666e+07,0.000000000000e+00,1.009364876835e+02,3.600000000000e-01
7.041666666667e+00,5.639447638090e+06,8.209193262559e+07,0.000000000000e+00,1.008888633824e+02,3.600000000000e-01
7.083333333333e+00,5.639428100434e+06,8.211165131602e+07,0.000000000000e+00,1.008413718019e+02,3.600000000000e-01
7.125000000000e+00,5.639408563614e+06,8.213137005833e+07,0.000000000000e+00,1.007940137691e+02,3.600000000000e-01
7.166666666667e+00,5.639389027628e+06,8.215108884752e+07,0.000000000000e+00,1.007467900748e+02,3.600000000000e-01
7.208333333333e+00,5.639369492474e+06,8.217080768101e+07,0.000000000000e+00,1.006997014754e+02,3.600000000000e-01
7.250000000000e+00,5.639349958153e+06,8.219052656258e+07,0.000000000000e+00,1.006527486931e+02,3.600000000000e-01
7.291666666667e+00,5.639330424659e+06,8.221024548801e+07,0.000000000000e+00,1.006059324174e+02,3.600000000000e-01
7.333333333333e+00,5.639310891992e+06,8.222996445943e+07,0.000000000000e+00,1.005592533042e+02,3.600000000000e-01
7.375000000000e+00,5.639291360151e+06,8.224968347854e+07,0.000000000000e+00,1.005127119782e+02,3.600000000000e-01
7.416666666667e+00,5.639271829132e+06,8.226940254167e+07,0.000000000000e+00,1.004663090330e+02,3.600000000000e-01
7.458333333333e+00,5.639252298932e+06,8.228912165182e+07,0.000000000000e+00,1.004200450314e+02,3.600000000000e-01
7.500000000000e+00,5.639232769535e+06,8.230884079739e+07,0.000000000000e+00,1.003739205063e+02,3.600000000000e-01
7.541666666667e+00,5.639213240963e+06,8.232856000149e+07,0.000000000000e+00,1.003279359622e+02,3.600000000000e-01
7.583333333333e+00,5.639193713198e+06,8.234827924708e+07,0.000000000000e+00,1.002820918743e+02,3.600000000000e-01
7.625000000000e+00,5.639174186236e+06,8.236799853760e+07,0.000000000000e+00,1.002363886907e+02,3.600000000000e-01
7.666666666667e+00,5.639154660072e+06,8.238771787289e+07,0.000000000000e+00,1.001908268319e+02,3.600000000000e-01
7.708333333333e+00,5.639135134701e+06,8.240743725285e+07,0.000000000000e+00,1.001454066921e+02,3.600000000000e-01
7.750000000000e+00,5.639115610118e+06,8.242715667730e+07,0.000000000000e+00,1.001001286395e+02,3.600000000000e-01
7.791666666667e+00,5.639096086315e+06,8.244687614608e+07,0.000000000000e+00,1.000549930175e+02,3.600000000000e-01
7.833333333333e+00,5.639076563287e+06,8.246659565888e+07,0.000000000000e+00,1.000100001440e+02,3.600000000000e-01
7.875000000000e+00,5.639057041026e+06,8.248631521123e+07,0.000000000000e+00,9.996515031367e+01,3.600000000000e-01
7.916666666667e+00,5.639037519528e+06,8.250603481050e+07,0.000000000000e+00,9.992044379755e+01,3.600000000000e-01
7.958333333333e+00,5.639017998784e+06,8.252575447519e+07,0.000000000000e+00,9.987588084324e+01,3.600000000000e-01
8.000000000000e+00,5.638998478784e+06,8.254547416221e+07,0.000000000000e+00,9.983146167699e+01,3.600000000000e-01
8.041666666667e+00,5.638978959518e+06,8.256519389122e+07,0.000000000000e+00,9.978718650242e+01,3.600000000000e-01
8.083333333333e+00,5.638959440981e+06,8.258491366670e+07,0.000000000000e+00,9.974305550275e+01,3.600000000000e-01
8.125000000000e+00,5.638939923157e+06,8.260463348539e+07,0.000000000000e+00,9.969906883998e+01,3.600000000000e-01
8.166666666667e+00,5.638920406039e+06,8.262435334641e+07,0.000000000000e+00,9.965522665631e+01,3.600000000000e-01
8.208333333333e+00,5.638900889616e+06,8.264407321442e+07,0.000000000000e+00,9.961152907433e+01,3.600000000000e-01
8.250000000000e+00,5.638881373874e+06,8.266379316216e+07,0.000000000000e+00,9.956797619768e+01,3.600000000000e-01
8.291666666667e+00,5.638861858783e+06,8.268351315359e+07,0.000000000000e+00,9.952456811118e+01,3.600000000000e-01
8.333333333333e+00,5.638842344367e+06,8.270323318615e+07,0.000000000000e+00,9.948130488193e+01,3.600000000000e-01
8.375000000000e+00,5.638822830592e+06,8.272295324776e+07,0.000000000000e+00,9.943818655963e+01,3.600000000000e-01
8.416666666667e+00,5.638803317448e+06,8.274267336571e+07,0.000000000000e+00,9.939521317634e+01,3.600000000000e-01
8.458333333333e+00,5.638783804916e+06,8.276239353080e+07,0.000000000000e+00,9.935238474826e+01,3.600000000000e-01
8.500000000000e+00,5.638798019957e+06,8.278208000605e+07,0.000000000000e+00,9.930970127492e+01,3.600000000000e-01
8.541666666667e+00,5.638801729393e+06,8.280177702933e+07,0.000000000000e+00,9.926716274084e+01,3.600000000000e-01
8.583333333333e+00,5.638861311342e+06,8.282141822260e+07,0.000000000000e+00,9.922476911479e+01,3.600000000000e-01
8.625000000000e+00,5.638864390436e+06,8.284111596254e+07,0.000000000000e+00,9.918252035133e+01,3.600000000000e-01
8.666666666667e+00,5.638911684894e+06,8.286076952762e+07,0.000000000000e+00,9.914041639030e+01,3.600000000000e-01
8.708333333333e+00,5.638945588110e+06,8.288043652571e+07,0.000000000000e+00,9.909845715807e+01,3.600000000000e-01
8.750000000000e+00,5.638943773438e+06,8.290013928388e+07,0.000000000000e+00,9.905664256749e+01,3.600000000000e-01
8.791666666667e+00,5.638941169607e+06,8.291984287274e+07,0.000000000000e+00,9.901497251852e+01,3.600000000000e-01
8.833333333333e+00,5.638944189106e+06,8.293954087962e+07,0.000000000000e+00,9.897344689847e+01,3.600000000000e-01
8.875000000000e+00,5.639002581707e+06,8.295918355251e+07,0.000000000000e+00,9.893206558261e+01,3.600000000000e-01
8.916666666667e+00,5.639030273350e+06,8.297885695494e+07,0.000000000000e+00,9.889082843440e+01,3.600000000000e-01
8.958333333333e+00,5.639031141780e+06,8.299855723678e+07,0.000000000000e+00,9.884973530610e+01,3.600000000000e-01
9.000000000000e+00,5.639026025207e+06,8.301826354451e+07,0.000000000000e+00,9.880878603918e+01,3.600000000000e-01
9.041666666667e+00,5.639020014129e+06,8.303797078758e+07,0.000000000000e+00,9.876798046416e+01,3.600000000000e-01
9.083333333333e+00,5.639014412377e+06,8.305767766190e+07,0.000000000000e+00,9.872731840207e+01,3.600000000000e-01
9.125000000000e+00,5.639009740093e+06,8.307738364708e+07,0.000000000000e+00,9.868679966358e+01,3.600000000000e-01
9.166666666667e+00,5.639006832928e+06,8.309708790195e+07,0.000000000000e+00,9.864642405057e+01,3.600000000000e-01
9.208333333333e+00,5.639007874374e+06,8.311678825430e+07,0.000000000000e+00,9.860619135559e+01,3.600000000000e-01
9.250000000000e+00,5.639034426007e+06,8.313646313657e+07,0.000000000000e+00,9.856610136293e+01,3.600000000000e-01
9.291666666667e+00,5.639083464741e+06,8.315611557170e+07,0.000000000000e+00,9.852615384843e+01,3.600000000000e-01
9.333333333333e+00,5.639099255962e+06,8.317580130502e+07,0.000000000000e+00,9.848634858031e+01,3.600000000000e-01
9.375000000000e+00,5.639108146761e+06,8.319549396750e+07,0.000000000000e+00,9.844668531933e+01,3.600000000000e-01
9.416666666667e+00,5.639110858061e+06,8.321519284792e+07,0.000000000000e+00,9.840716381940e+01,3.600000000000e-01
9.458333333333e+00,5.639181339522e+06,8.323482399861e+07,0.000000000000e+00,9.836778382738e+01,3.600000000000e-01
9.500000000000e+00,5.639297740616e+06,8.325440925918e+07,0.000000000000e+00,9.833832147435e+01,3.600000000000e-01
9.541666666667e+00,5.639300655887e+06,8.327410804598e+07,0.000000000000e+00,9.829854668117e+01,3.600000000000e-01
9.583333333333e+00,5.639304546218e+06,8.329380589551e+07,0.000000000000e+00,9.826013269444e+01,3.600000000000e-01
9.625000000000e+00,5.639312186924e+06,8.331350004323e+07,0.000000000000e+00,9.821157732240e+01,3.600000000000e-01
9.666666666667e+00,5.639335588070e+06,8.333317846919e+07,0.000000000000e+00,9.817290103850e+01,3.600000000000e-01
9.708333333333e+00,5.639403849475e+06,8.335281207332e+07,0.000000000000e+00,9.813436472937e+01,3.600000000000e-01
9.750000000000e+00,5.639422724704e+06,8.337249511021e+07,0.000000000000e+00,9.809596804491e+01,3.600000000000e-01
9.791666666667e+00,5.639438620198e+06,8.339218115670e+07,0.000000000000e+00,9.805771067249e+01,3.600000000000e-01
9.833333333333e+00,5.639441960851e+06,8.341187979632e+07,0.000000000000e+00,9.801959230994e+01,3.600000000000e-01
9.875000000000e+00,5.639441360080e+06,8.343158241541e+07,0.000000000000e+00,9.798161265689e+01,3.600000000000e-01
9.916666666667e+00,5.639440514993e+06,8.345128531651e+07,0.000000000000e+00,9.794377141380e+01,3.600000000000e-01
9.958333333333e+00,5.639440348480e+06,8.347098757647e+07,0.000000000000e+00,9.790606828055e+01,3.600000000000e-01
1.000000000000e+01,5.639442225534e+06,8.349068782884e+07,0.000000000000e+00,9.786850295676e+01,3.600000000000e-01
