# Observation File: water_balance.dat column names:
# -----------------------------------------------------------------------------
# Observation Name: time [d]
# -----------------------------------------------------------------------------
# Observation Name: surface runoff [mol d^-1]
# Region: outlet
# Reduction: extensive integral
# Variable: surface-water_flux
# Number of Vectors: 1
# -----------------------------------------------------------------------------
# Observation Name: subsurface seepage [mol d^-1]
# Region: lakeside
# Reduction: extensive integral
# Variable: water_flux
# Number of Vectors: 1
# -----------------------------------------------------------------------------
# Observation Name: evapotranspiration [m d^-1]
# Region: surface domain
# Reduction: average
# Variable: surface-total_evapotranspiration
# Number of Vectors: 1
# -----------------------------------------------------------------------------
# Observation Name: snow precipitation [m d^-1]
# Region: surface domain
# Reduction: average
# Variable: snow-precipitation
# Number of Vectors: 1
# -----------------------------------------------------------------------------
# Observation Name: snow melt [m d^-1]
# Region: surface domain
# Reduction: average
# Variable: snow-melt
# Number of Vectors: 1
# -----------------------------------------------------------------------------
# Observation Name: rain precipitation [m d^-1]
# Region: surface domain
# Reduction: average
# Variable: surface-precipitation_rain
# Number of Vectors: 1
# -----------------------------------------------------------------------------
# Observation Name: surface water content [mol]
# Region: surface domain
# Reduction: extensive integral
# Variable: surface-water_content
# Number of Vectors: 1
# -----------------------------------------------------------------------------
# Observation Name: subsurface water content [mol]
# Region: computational domain
# Reduction: extensive integral
# Variable: water_content
# Number of Vectors: 1
# -----------------------------------------------------------------------------
# Observation Name: snow water content [mol]
# Region: surface domain
# Reduction: extensive integral
# Variable: snow-water_content
# Number of Vectors: 1
# =============================================================================
"time [d]","surface runoff [mol d^-1]","subsurface seepage [mol d^-1]","evapotranspiration [m d^-1]","snow precipitation [m d^-1]","snow melt [m d^-1]","rain precipitation [m d^-1]","surface water content [mol]","subsurface water content [mol]","snow water content [mol]"
3.280000000000e+02,0.000000000000e+00,0.000000000000e+00,0.000000000000e+00,0.000000000000e+00,0.000000000000e+00,0.000000000000e+00,5.642838486194e+06,1.149121234957e+08,0.000000000000e+00
3.290000000000e+02,0.000000000000e+00,1.564366698411e+04,0.000000000000e+00,1.004651162791e-02,0.000000000000e+00,0.000000000000e+00,5.646559014108e+06,1.148927593007e+08,2.762790697674e+05
3.300000000000e+02,0.000000000000e+00,1.344275775826e+04,0.000000000000e+00,0.000000000000e+00,0.000000000000e+00,0.000000000000e+00,5.650181372944e+06,1.148756941841e+08,2.762790697674e+05
3.310000000000e+02,0.000000000000e+00,1.205085748378e+04,0.000000000000e+00,0.000000000000e+00,0.000000000000e+00,0.000000000000e+00,5.653729808149e+06,1.148600948903e+08,2.762790697674e+05
3.320000000000e+02,0.000000000000e+00,1.111969497418e+04,0.000000000000e+00,0.000000000000e+00,0.000000000000e+00,0.000000000000e+00,5.657296404197e+06,1.148454085990e+08,2.762790697674e+05
3.330000000000e+02,0.000000000000e+00,1.046803589489e+04,0.000000000000e+00,0.000000000000e+00,0.000000000000e+00,0.000000000000e+00,5.660918900102e+06,1.148313180500e+08,2.762790697674e+05
3.340000000000e+02,0.000000000000e+00,9.997196351260e+03,0.000000000000e+00,0.000000000000e+00,0.000000000000e+00,0.000000000000e+00,5.664550378792e+06,1.148176893749e+08,2.762790697674e+05
3.350000000000e+02,0.000000000000e+00,9.648913223079e+03,0.000000000000e+00,0.000000000000e+00,0.000000000000e+00,0.000000000000e+00,5.668178800413e+06,1.148044120352e+08,2.762790697674e+05
3.360000000000e+02,0.000000000000e+00,9.387143075735e+03,0.000000000000e+00,0.000000000000e+00,0.000000000000e+00,0.000000000000e+00,5.671795828811e+06,1.147914078607e+08,2.762790697674e+05
3.370000000000e+02,0.000000000000e+00,9.188607997825e+03,0.000000000000e+00,0.000000000000e+00,0.000000000000e+00,0.000000000000e+00,5.675394939932e+06,1.147786201397e+08,2.762790697674e+05
3.380000000000e+02,0.000000000000e+00,9.037741544663e+03,0.000000000000e+00,0.000000000000e+00,0.000000000000e+00,0.000000000000e+00,5.678969979138e+06,1.147660073576e+08,2.762790697674e+05
3.390000000000e+02,0.000000000000e+00,8.923827864455e+03,0.000000000000e+00,0.000000000000e+00,0.000000000000e+00,0.000000000000e+00,5.682514651652e+06,1.147535388563e+08,2.762790697674e+05
3.400000000000e+02,0.000000000000e+00,9.978288622500e+03,0.000000000000e+00,0.000000000000e+00,0.000000000000e+00,2.009302325581e-03,5.699037474760e+06,1.147822935585e+08,2.762790697674e+05
3.410000000000e+02,0.000000000000e+00,9.913174816710e+03,0.000000000000e+00,1.105116279070e-02,0.000000000000e+00,0.000000000000e+00,5.701745449726e+06,1.147696724089e+08,5.801860465116e+05
3.420000000000e+02,0.000000000000e+00,9.819127499742e+03,0.000000000000e+00,4.018604651163e-03,0.000000000000e+00,0.000000000000e+00,5.704818754829e+06,1.147567799760e+08,6.906976744186e+05
3.430000000000e+02,0.000000000000e+00,9.725485943198e+03,0.000000000000e+00,0.000000000000e+00,0.000000000000e+00,0.000000000000e+00,5.708003854761e+06,1.147438693901e+08,6.906976744186e+05
3.440000000000e+02,0.000000000000e+00,9.636270069295e+03,0.000000000000e+00,0.000000000000e+00,0.000000000000e+00,0.000000000000e+00,5.711161047918e+06,1.147310759268e+08,6.906976744186e+05
3.450000000000e+02,0.000000000000e+00,9.557749205097e+03,0.000000000000e+00,0.000000000000e+00,0.000000000000e+00,0.000000000000e+00,5.714264980245e+06,1.147184142453e+08,6.906976744186e+05
3.460000000000e+02,0.000000000000e+00,9.494519935635e+03,0.000000000000e+00,0.000000000000e+00,0.000000000000e+00,0.000000000000e+00,5.717302411130e+06,1.147058822945e+08,6.906976744186e+05
3.470000000000e+02,0.000000000000e+00,9.448815835109e+03,0.000000000000e+00,0.000000000000e+00,0.000000000000e+00,0.000000000000e+00,5.720263409744e+06,1.146934724795e+08,6.906976744186e+05
3.480000000000e+02,0.000000000000e+00,9.426310841046e+03,0.000000000000e+00,0.000000000000e+00,0.000000000000e+00,0.000000000000e+00,5.723063530294e+06,1.146812460481e+08,6.906976744186e+05
3.490000000000e+02,0.000000000000e+00,9.472588652790e+03,0.000000000000e+00,0.000000000000e+00,0.000000000000e+00,0.000000000000e+00,5.725099819174e+06,1.146697371706e+08,6.906976744186e+05
3.500000000000e+02,0.000000000000e+00,9.612624969168e+03,0.000000000000e+00,0.000000000000e+00,0.000000000000e+00,0.000000000000e+00,5.726426258692e+06,1.146587981061e+08,6.906976744186e+05
3.510000000000e+02,0.000000000000e+00,9.844525748412e+03,0.000000000000e+00,0.000000000000e+00,0.000000000000e+00,0.000000000000e+00,5.727223949009e+06,1.146481558898e+08,6.906976744186e+05
3.520000000000e+02,0.000000000000e+00,1.012853225639e+04,0.000000000000e+00,0.000000000000e+00,0.000000000000e+00,0.000000000000e+00,5.727813135666e+06,1.146374381709e+08,6.906976744186e+05
3.530000000000e+02,0.000000000000e+00,1.044320692414e+04,0.000000000000e+00,0.000000000000e+00,0.000000000000e+00,0.000000000000e+00,5.728159733305e+06,1.146266483661e+08,6.906976744186e+05
3.540000000000e+02,0.000000000000e+00,1.076014337647e+04,0.000000000000e+00,0.000000000000e+00,0.000000000000e+00,0.000000000000e+00,5.728364860211e+06,1.146156830958e+08,6.906976744186e+05
3.550000000000e+02,0.000000000000e+00,1.104417702677e+04,0.000000000000e+00,0.000000000000e+00,0.000000000000e+00,0.000000000000e+00,5.728578538006e+06,1.146044252362e+08,6.906976744186e+05
3.560000000000e+02,0.000000000000e+00,1.129082293240e+04,0.000000000000e+00,0.000000000000e+00,0.000000000000e+00,0.000000000000e+00,5.728748559389e+06,1.145929643918e+08,6.906976744186e+05
3.570000000000e+02,0.000000000000e+00,1.150204486822e+04,0.000000000000e+00,2.009302325581e-03,0.000000000000e+00,0.000000000000e+00,5.728863763708e+06,1.145813471426e+08,7.459534883721e+05
3.580000000000e+02,0.000000000000e+00,1.167887915781e+04,0.000000000000e+00,7.032558139535e-03,0.000000000000e+00,0.000000000000e+00,5.728943248326e+06,1.145695887788e+08,9.393488372093e+05
3.590000000000e+02,0.000000000000e+00,1.182370122138e+04,0.000000000000e+00,0.000000000000e+00,0.000000000000e+00,0.000000000000e+00,5.728999738945e+06,1.145577085880e+08,9.393488372093e+05
3.600000000000e+02,0.000000000000e+00,1.194009352343e+04,0.000000000000e+00,0.000000000000e+00,0.000000000000e+00,0.000000000000e+00,5.729040734869e+06,1.145457274995e+08,9.393488372093e+05
3.610000000000e+02,0.000000000000e+00,1.203224743503e+04,0.000000000000e+00,0.000000000000e+00,0.000000000000e+00,0.000000000000e+00,5.729070806398e+06,1.145336651815e+08,9.393488372093e+05
3.620000000000e+02,0.000000000000e+00,1.210436580989e+04,0.000000000000e+00,0.000000000000e+00,0.000000000000e+00,0.000000000000e+00,5.729092897528e+06,1.145215387254e+08,9.393488372093e+05
3.630000000000e+02,0.000000000000e+00,1.216026693965e+04,0.000000000000e+00,0.000000000000e+00,0.000000000000e+00,0.000000000000e+00,5.729108998447e+06,1.145093623575e+08,9.393488372093e+05
3.640000000000e+02,0.000000000000e+00,1.220324314551e+04,0.000000000000e+00,0.000000000000e+00,0.000000000000e+00,0.000000000000e+00,5.729120507355e+06,1.144971476061e+08,9.393488372093e+05
3.650000000000e+02,0.000000000000e+00,1.223602861735e+04,0.000000000000e+00,0.000000000000e+00,0.000000000000e+00,0.000000000000e+00,5.729128434735e+06,1.144849036505e+08,9.393488372093e+05
3.660000000000e+02,0.000000000000e+00,1.226083586768e+04,0.000000000000e+00,0.000000000000e+00,0.000000000000e+00,0.000000000000e+00,5.729133525518e+06,1.144726377243e+08,9.393488372093e+05
3.670000000000e+02,0.000000000000e+00,1.227942109762e+04,0.000000000000e+00,0.000000000000e+00,0.000000000000e+00,0.000000000000e+00,5.729136336899e+06,1.144603554921e+08,9.393488372093e+05
3.680000000000e+02,0.000000000000e+00,1.229316013738e+04,0.000000000000e+00,0.000000000000e+00,0.000000000000e+00,0.000000000000e+00,5.729137290279e+06,1.144480613788e+08,9.393488372093e+05
3.690000000000e+02,0.000000000000e+00,1.230312110461e+04,0.000000000000e+00,0.000000000000e+00,0.000000000000e+00,0.000000000000e+00,5.729136707287e+06,1.144357588409e+08,9.393488372093e+05
3.700000000000e+02,0.000000000000e+00,1.231012820627e+04,0.000000000000e+00,0.000000000000e+00,0.000000000000e+00,0.000000000000e+00,5.729134835604e+06,1.144234505845e+08,9.393488372093e+05
3.710000000000e+02,0.000000000000e+00,1.231481505971e+04,0.000000000000e+00,0.000000000000e+00,0.000000000000e+00,0.000000000000e+00,5.729131868129e+06,1.144111387370e+08,9.393488372093e+05
3.720000000000e+02,0.000000000000e+00,1.231766770713e+04,0.000000000000e+00,0.000000000000e+00,0.000000000000e+00,0.000000000000e+00,5.729127954611e+06,1.143988249829e+08,9.393488372093e+05
3.730000000000e+02,0.000000000000e+00,1.231905873328e+04,0.000000000000e+00,0.000000000000e+00,0.000000000000e+00,0.000000000000e+00,5.729123213587e+06,1.143865106653e+08,9.393488372093e+05
3.740000000000e+02,0.000000000000e+00,1.231927392941e+04,0.000000000000e+00,0.000000000000e+00,0.000000000000e+00,0.000000000000e+00,5.729117739674e+06,1.143741968653e+08,9.393488372093e+05
3.750000000000e+02,0.000000000000e+00,1.231853606573e+04,0.000000000000e+00,0.000000000000e+00,0.000000000000e+00,0.000000000000e+00,5.729111609213e+06,1.143618844658e+08,9.393488372093e+05
3.760000000000e+02,0.000000000000e+00,1.231700605716e+04,0.000000000000e+00,0.000000000000e+00,0.000000000000e+00,0.000000000000e+00,5.729104884299e+06,1.143495741846e+08,9.393488372093e+05
3.770000000000e+02,0.000000000000e+00,1.231482144744e+04,0.000000000000e+00,0.000000000000e+00,0.000000000000e+00,0.000000000000e+00,5.729097616318e+06,1.143372666312e+08,9.393488372093e+05
3.780000000000e+02,0.000000000000e+00,1.231208489687e+04,0.000000000000e+00,0.000000000000e+00,0.000000000000e+00,0.000000000000e+00,5.729089848216e+06,1.143249623180e+08,9.393488372093e+05
3.790000000000e+02,0.000000000000e+00,1.230887274142e+04,0.000000000000e+00,0.000000000000e+00,0.000000000000e+00,0.000000000000e+00,5.729081616298e+06,1.143126616802e+08,9.393488372093e+05
3.800000000000e+02,0.000000000000e+00,1.230524878754e+04,0.000000000000e+00,0.000000000000e+00,0.000000000000e+00,0.000000000000e+00,5.729072951647e+06,1.143003650987e+08,9.393488372093e+05
3.810000000000e+02,0.000000000000e+00,1.230126337740e+04,0.000000000000e+00,0.000000000000e+00,0.000000000000e+00,0.000000000000e+00,5.729063881145e+06,1.142880729082e+08,9.393488372093e+05
3.820000000000e+02,0.000000000000e+00,1.229695582211e+04,0.000000000000e+00,0.000000000000e+00,0.000000000000e+00,0.000000000000e+00,5.729054428276e+06,1.142757854052e+08,9.393488372093e+05
3.830000000000e+02,0.000000000000e+00,1.229236062806e+04,0.000000000000e+00,0.000000000000e+00,0.000000000000e+00,0.000000000000e+00,5.729044613796e+06,1.142635028591e+08,9.393488372093e+05
3.840000000000e+02,0.000000000000e+00,1.228750495523e+04,0.000000000000e+00,0.000000000000e+00,0.000000000000e+00,0.000000000000e+00,5.729034456227e+06,1.142512255134e+08,9.393488372093e+05
3.850000000000e+02,0.000000000000e+00,1.228240963891e+04,0.000000000000e+00,0.000000000000e+00,0.000000000000e+00,0.000000000000e+00,5.729023972210e+06,1.142389535893e+08,9.393488372093e+05
3.860000000000e+02,0.000000000000e+00,1.227709320036e+04,0.000000000000e+00,0.000000000000e+00,0.000000000000e+00,0.000000000000e+00,5.729013176888e+06,1.142266872914e+08,9.393488372093e+05
3.870000000000e+02,0.000000000000e+00,1.227157366536e+04,0.000000000000e+00,0.000000000000e+00,0.000000000000e+00,0.000000000000e+00,5.729002084164e+06,1.142144268117e+08,9.393488372093e+05
3.880000000000e+02,0.000000000000e+00,1.226586362512e+04,0.000000000000e+00,0.000000000000e+00,0.000000000000e+00,0.000000000000e+00,5.728990706726e+06,1.142021723267e+08,9.393488372093e+05
3.890000000000e+02,0.000000000000e+00,1.225997550901e+04,0.000000000000e+00,0.000000000000e+00,0.000000000000e+00,0.000000000000e+00,5.728979056229e+06,1.141899240028e+08,9.393488372093e+05
3.900000000000e+02,0.000000000000e+00,1.225392020079e+04,0.000000000000e+00,0.000000000000e+00,0.000000000000e+00,0.000000000000e+00,5.728967143407e+06,1.141776819965e+08,9.393488372093e+05
3.910000000000e+02,0.000000000000e+00,1.224770739834e+04,0.000000000000e+00,0.000000000000e+00,0.000000000000e+00,0.000000000000e+00,5.728954978199e+06,1.141654464552e+08,9.393488372093e+05
3.920000000000e+02,0.000000000000e+00,1.224134584049e+04,0.000000000000e+00,0.000000000000e+00,0.000000000000e+00,0.000000000000e+00,5.728942569834e+06,1.141532175187e+08,9.393488372093e+05
3.930000000000e+02,0.000000000000e+00,1.223484347474e+04,0.000000000000e+00,0.000000000000e+00,0.000000000000e+00,0.000000000000e+00,5.728929926913e+06,1.141409953190e+08,9.393488372093e+05
3.940000000000e+02,0.000000000000e+00,1.222820758099e+04,0.000000000000e+00,4.018604651163e-03,0.000000000000e+00,0.000000000000e+00,5.728917057436e+06,1.141287799817e+08,1.049860465116e+06
3.950000000000e+02,0.000000000000e+00,1.222144486989e+04,0.000000000000e+00,0.000000000000e+00,0.000000000000e+00,0.000000000000e+00,5.728903968859e+06,1.141165716262e+08,1.049860465116e+06
3.960000000000e+02,0.000000000000e+00,1.221456155965e+04,0.000000000000e+00,4.018604651163e-03,0.000000000000e+00,0.000000000000e+00,5.728890668137e+06,1.141043703661e+08,1.160372093023e+06
3.970000000000e+02,0.000000000000e+00,1.220756309043e+04,0.000000000000e+00,0.000000000000e+00,0.000000000000e+00,0.000000000000e+00,5.728877161755e+06,1.140921763094e+08,1.160372093023e+06
3.980000000000e+02,0.000000000000e+00,1.220045578868e+04,0.000000000000e+00,0.000000000000e+00,0.000000000000e+00,0.000000000000e+00,5.728863455874e+06,1.140799895601e+08,1.160372093023e+06
3.990000000000e+02,0.000000000000e+00,1.219324402831e+04,0.000000000000e+00,0.000000000000e+00,0.000000000000e+00,0.000000000000e+00,5.728849556208e+06,1.140678102164e+08,1.160372093023e+06
4.000000000000e+02,0.000000000000e+00,1.218593269448e+04,0.000000000000e+00,0.000000000000e+00,0.000000000000e+00,0.000000000000e+00,5.728835468122e+06,1.140556383724e+08,1.160372093023e+06
4.010000000000e+02,0.000000000000e+00,1.217852633328e+04,0.000000000000e+00,0.000000000000e+00,0.000000000000e+00,0.000000000000e+00,5.728821196602e+06,1.140434741181e+08,1.160372093023e+06
4.020000000000e+02,0.000000000000e+00,1.217102895320e+04,0.000000000000e+00,0.000000000000e+00,0.000000000000e+00,0.000000000000e+00,5.728806746332e+06,1.140313175394e+08,1.160372093023e+06
4.030000000000e+02,0.000000000000e+00,1.216344533361e+04,0.000000000000e+00,0.000000000000e+00,0.000000000000e+00,0.000000000000e+00,5.728792121703e+06,1.140191687192e+08,1.160372093023e+06
4.040000000000e+02,0.000000000000e+00,1.215577876301e+04,0.000000000000e+00,0.000000000000e+00,0.000000000000e+00,0.000000000000e+00,5.728777326740e+06,1.140070277359e+08,1.160372093023e+06
4.050000000000e+02,0.000000000000e+00,1.214803297793e+04,0.000000000000e+00,0.000000000000e+00,0.000000000000e+00,0.000000000000e+00,5.728762365190e+06,1.139948946650e+08,1.160372093023e+06
4.060000000000e+02,0.000000000000e+00,1.214021125290e+04,0.000000000000e+00,7.032558139535e-03,0.000000000000e+00,0.000000000000e+00,5.728747240479e+06,1.139827695784e+08,1.353767441860e+06
4.070000000000e+02,0.000000000000e+00,1.213231750071e+04,0.000000000000e+00,0.000000000000e+00,0.000000000000e+00,0.000000000000e+00,5.728731955790e+06,1.139706525461e+08,1.353767441860e+06
4.080000000000e+02,0.000000000000e+00,1.212435441631e+04,0.000000000000e+00,0.000000000000e+00,0.000000000000e+00,0.000000000000e+00,5.728716514031e+06,1.139585436338e+08,1.353767441860e+06
4.090000000000e+02,0.000000000000e+00,1.211632507571e+04,0.000000000000e+00,0.000000000000e+00,0.000000000000e+00,0.000000000000e+00,5.728700917871e+06,1.139464429053e+08,1.353767441860e+06
4.100000000000e+02,0.000000000000e+00,1.210823237467e+04,0.000000000000e+00,0.000000000000e+00,0.000000000000e+00,0.000000000000e+00,5.728685169733e+06,1.139343504214e+08,1.353767441860e+06
4.110000000000e+02,0.000000000000e+00,1.210007907068e+04,0.000000000000e+00,0.000000000000e+00,0.000000000000e+00,0.000000000000e+00,5.728669271777e+06,1.139222662406e+08,1.353767441860e+06
4.120000000000e+02,0.000000000000e+00,1.209186779936e+04,0.000000000000e+00,0.000000000000e+00,0.000000000000e+00,0.000000000000e+00,5.728653225938e+06,1.139101904190e+08,1.353767441860e+06
4.130000000000e+02,0.000000000000e+00,1.208360108530e+04,0.000000000000e+00,0.000000000000e+00,0.000000000000e+00,0.000000000000e+00,5.728637033903e+06,1.138981230103e+08,1.353767441860e+06
4.140000000000e+02,0.000000000000e+00,1.207528134892e+04,0.000000000000e+00,0.000000000000e+00,0.000000000000e+00,0.000000000000e+00,5.728620697123e+06,1.138860640660e+08,1.353767441860e+06
4.150000000000e+02,0.000000000000e+00,1.206691091364e+04,0.000000000000e+00,0.000000000000e+00,0.000000000000e+00,0.000000000000e+00,5.728604216807e+06,1.138740136357e+08,1.353767441860e+06
4.160000000000e+02,0.000000000000e+00,1.205849201157e+04,0.000000000000e+00,0.000000000000e+00,0.000000000000e+00,0.000000000000e+00,5.728587593921e+06,1.138619717669e+08,1.353767441860e+06
4.170000000000e+02,0.000000000000e+00,1.205002678962e+04,0.000000000000e+00,0.000000000000e+00,0.000000000000e+00,0.000000000000e+00,5.728570829194e+06,1.138499385051e+08,1.353767441860e+06
4.180000000000e+02,0.000000000000e+00,1.204151731737e+04,0.000000000000e+00,0.000000000000e+00,0.000000000000e+00,0.000000000000e+00,5.728553923132e+06,1.138379138941e+08,1.353767441860e+06
4.190000000000e+02,0.000000000000e+00,1.203296558870e+04,0.000000000000e+00,0.000000000000e+00,0.000000000000e+00,0.000000000000e+00,5.728536875949e+06,1.138258979759e+08,1.353767441860e+06
4.200000000000e+02,0.000000000000e+00,1.202437352750e+04,0.000000000000e+00,0.000000000000e+00,0.000000000000e+00,0.000000000000e+00,5.728519687599e+06,1.138138907910e+08,1.353767441860e+06
4.210000000000e+02,0.000000000000e+00,1.201574299209e+04,0.000000000000e+00,0.000000000000e+00,0.000000000000e+00,0.000000000000e+00,5.728502357769e+06,1.138018923780e+08,1.353767441860e+06
4.220000000000e+02,0.000000000000e+00,1.200707567218e+04,0.000000000000e+00,0.000000000000e+00,0.000000000000e+00,0.000000000000e+00,5.728484885855e+06,1.137899027743e+08,1.353767441860e+06
4.230000000000e+02,0.000000000000e+00,1.199837359114e+04,0.000000000000e+00,5.023255813953e-03,0.000000000000e+00,0.000000000000e+00,5.728467270984e+06,1.137779220157e+08,1.491906976744e+06
4.240000000000e+02,0.000000000000e+00,1.198963822084e+04,0.000000000000e+00,0.000000000000e+00,0.000000000000e+00,0.000000000000e+00,5.728449511953e+06,1.137659501368e+08,1.491906976744e+06
4.250000000000e+02,0.000000000000e+00,1.198087123753e+04,0.000000000000e+00,0.000000000000e+00,0.000000000000e+00,0.000000000000e+00,5.728431607237e+06,1.137539871704e+08,1.491906976744e+06
4.260000000000e+02,0.000000000000e+00,1.197207425500e+04,0.000000000000e+00,3.013953488372e-03,0.000000000000e+00,0.000000000000e+00,5.728413554943e+06,1.137420331486e+08,1.574790697674e+06
4.270000000000e+02,0.000000000000e+00,1.196324884464e+04,0.000000000000e+00,7.032558139535e-03,0.000000000000e+00,0.000000000000e+00,5.728395352803e+06,1.137300881021e+08,1.768186046512e+06
4.280000000000e+02,0.000000000000e+00,1.195439654564e+04,0.000000000000e+00,6.027906976744e-03,0.000000000000e+00,0.000000000000e+00,5.728376998148e+06,1.137181520604e+08,1.933953488372e+06
4.290000000000e+02,0.000000000000e+00,1.194551887242e+04,0.000000000000e+00,0.000000000000e+00,0.000000000000e+00,0.000000000000e+00,5.728358487861e+06,1.137062250519e+08,1.933953488372e+06
4.300000000000e+02,0.000000000000e+00,1.193661732146e+04,0.000000000000e+00,0.000000000000e+00,0.000000000000e+00,0.000000000000e+00,5.728339818341e+06,1.136943071043e+08,1.933953488372e+06
4.310000000000e+02,0.000000000000e+00,1.192769337860e+04,0.000000000000e+00,3.013953488372e-03,0.000000000000e+00,0.000000000000e+00,5.728320985444e+06,1.136823982439e+08,2.016837209302e+06
4.320000000000e+02,0.000000000000e+00,1.191874852584e+04,0.000000000000e+00,0.000000000000e+00,0.000000000000e+00,0.000000000000e+00,5.728301984427e+06,1.136704984965e+08,2.016837209302e+06
4.330000000000e+02,0.000000000000e+00,1.190978425158e+04,0.000000000000e+00,4.018604651163e-03,0.000000000000e+00,0.000000000000e+00,5.728282809888e+06,1.136586078869e+08,2.127348837209e+06
4.340000000000e+02,0.000000000000e+00,1.190080205980e+04,0.000000000000e+00,0.000000000000e+00,0.000000000000e+00,0.000000000000e+00,5.728263455662e+06,1.136467264392e+08,2.127348837209e+06
4.350000000000e+02,0.000000000000e+00,1.189180348036e+04,0.000000000000e+00,0.000000000000e+00,0.000000000000e+00,0.000000000000e+00,5.728243914717e+06,1.136348541767e+08,2.127348837209e+06
4.360000000000e+02,0.000000000000e+00,1.188279008245e+04,0.000000000000e+00,0.000000000000e+00,0.000000000000e+00,0.000000000000e+00,5.728224179028e+06,1.136229911224e+08,2.127348837209e+06
4.370000000000e+02,0.000000000000e+00,1.187376348970e+04,0.000000000000e+00,0.000000000000e+00,0.000000000000e+00,0.000000000000e+00,5.728204239440e+06,1.136111372986e+08,2.127348837209e+06
4.380000000000e+02,0.000000000000e+00,1.186472539994e+04,0.000000000000e+00,0.000000000000e+00,0.000000000000e+00,0.000000000000e+00,5.728184085477e+06,1.135992927273e+08,2.127348837209e+06
4.390000000000e+02,0.000000000000e+00,1.185567760855e+04,0.000000000000e+00,0.000000000000e+00,0.000000000000e+00,0.000000000000e+00,5.728163705121e+06,1.135874574301e+08,2.127348837209e+06
4.400000000000e+02,0.000000000000e+00,1.184662204307e+04,0.000000000000e+00,0.000000000000e+00,0.000000000000e+00,0.000000000000e+00,5.728143084584e+06,1.135756314286e+08,2.127348837209e+06
4.410000000000e+02,0.000000000000e+00,1.183756080147e+04,0.000000000000e+00,6.027906976744e-03,0.000000000000e+00,0.000000000000e+00,5.728122207880e+06,1.135638147446e+08,2.293116279070e+06
4.420000000000e+02,0.000000000000e+00,1.182849620143e+04,0.000000000000e+00,4.018604651163e-03,0.000000000000e+00,0.000000000000e+00,5.728101056402e+06,1.135520073999e+08,2.403627906977e+06
4.430000000000e+02,0.000000000000e+00,1.181943084674e+04,0.000000000000e+00,0.000000000000e+00,0.000000000000e+00,0.000000000000e+00,5.728079608308e+06,1.135402094171e+08,2.403627906977e+06
4.440000000000e+02,0.000000000000e+00,1.181036771384e+04,0.000000000000e+00,0.000000000000e+00,0.000000000000e+00,0.000000000000e+00,5.728057837746e+06,1.135284208200e+08,2.403627906977e+06
4.450000000000e+02,0.000000000000e+00,1.180131026832e+04,0.000000000000e+00,9.041860465116e-03,0.000000000000e+00,0.000000000000e+00,5.728035713816e+06,1.135166416336e+08,2.652279069767e+06
4.460000000000e+02,0.000000000000e+00,1.179226263022e+04,0.000000000000e+00,0.000000000000e+00,0.000000000000e+00,0.000000000000e+00,5.728013199171e+06,1.135048718856e+08,2.652279069767e+06
4.470000000000e+02,0.000000000000e+00,1.178322981197e+04,0.000000000000e+00,0.000000000000e+00,0.000000000000e+00,0.000000000000e+00,5.727990248044e+06,1.134931116069e+08,2.652279069767e+06
4.480000000000e+02,0.000000000000e+00,1.177421816709e+04,0.000000000000e+00,0.000000000000e+00,0.000000000000e+00,0.000000000000e+00,5.727966803099e+06,1.134813608336e+08,2.652279069767e+06
4.490000000000e+02,0.000000000000e+00,1.176523560593e+04,0.000000000000e+00,5.023255813953e-03,0.000000000000e+00,0.000000000000e+00,5.727942792206e+06,1.134696196089e+08,2.790418604651e+06
4.500000000000e+02,0.000000000000e+00,1.175629279856e+04,0.000000000000e+00,7.032558139535e-03,0.000000000000e+00,0.000000000000e+00,5.727918120740e+06,1.134578879876e+08,2.983813953488e+06
4.510000000000e+02,0.000000000000e+00,1.174740442514e+04,0.000000000000e+00,0.000000000000e+00,0.000000000000e+00,0.000000000000e+00,5.727892661570e+06,1.134461660423e+08,2.983813953488e+06
4.520000000000e+02,0.000000000000e+00,1.173859166392e+04,0.000000000000e+00,5.023255813953e-03,0.000000000000e+00,0.000000000000e+00,5.727866236731e+06,1.134344538755e+08,3.121953488372e+06
4.530000000000e+02,0.000000000000e+00,1.172988695804e+04,0.000000000000e+00,3.013953488372e-03,0.000000000000e+00,0.000000000000e+00,5.727838583141e+06,1.134227516421e+08,3.204837209302e+06
4.540000000000e+02,0.000000000000e+00,1.172134428497e+04,0.000000000000e+00,0.000000000000e+00,0.000000000000e+00,0.000000000000e+00,5.727809280379e+06,1.134110596006e+08,3.204837209302e+06
4.550000000000e+02,0.000000000000e+00,1.171306560232e+04,0.000000000000e+00,5.023255813953e-03,0.000000000000e+00,0.000000000000e+00,5.727777568365e+06,1.133993782470e+08,3.342976744186e+06
4.560000000000e+02,0.000000000000e+00,1.170529692821e+04,0.000000000000e+00,0.000000000000e+00,0.000000000000e+00,0.000000000000e+00,5.727741694915e+06,1.133877088235e+08,3.342976744186e+06
4.570000000000e+02,0.000000000000e+00,1.169675287001e+04,0.000000000000e+00,0.000000000000e+00,0.000000000000e+00,0.000000000000e+00,5.727710387172e+06,1.133760433784e+08,3.342976744186e+06
4.580000000000e+02,0.000000000000e+00,1.567556906254e+04,0.000000000000e+00,0.000000000000e+00,0.000000000000e+00,5.023255813953e-03,5.760285567520e+06,1.134659321640e+08,3.342976744186e+06
4.590000000000e+02,0.000000000000e+00,2.398579703726e+04,0.000000000000e+00,6.027906976744e-03,0.000000000000e+00,0.000000000000e+00,5.744176823478e+06,1.134580551092e+08,3.508744186047e+06
4.600000000000e+02,0.000000000000e+00,2.177078156732e+04,0.000000000000e+00,3.013953488372e-03,0.000000000000e+00,0.000000000000e+00,5.736964861390e+06,1.134434962887e+08,3.591627906977e+06
4.610000000000e+02,0.000000000000e+00,1.919112125253e+04,0.000000000000e+00,0.000000000000e+00,0.000000000000e+00,0.000000000000e+00,5.733258729664e+06,1.134280112991e+08,3.591627906977e+06
4.620000000000e+02,0.000000000000e+00,1.721517964624e+04,0.000000000000e+00,9.041860465116e-03,0.000000000000e+00,0.000000000000e+00,5.731345527120e+06,1.134127093220e+08,3.840279069767e+06
4.630000000000e+02,0.000000000000e+00,1.579076782106e+04,0.000000000000e+00,9.041860465116e-03,0.000000000000e+00,0.000000000000e+00,5.730290374496e+06,1.133979737063e+08,4.088930232558e+06
4.640000000000e+02,0.000000000000e+00,1.477177080920e+04,0.000000000000e+00,0.000000000000e+00,0.000000000000e+00,0.000000000000e+00,5.729655742501e+06,1.133838365674e+08,4.088930232558e+06
4.650000000000e+02,0.000000000000e+00,1.403448075897e+04,0.000000000000e+00,0.000000000000e+00,0.000000000000e+00,0.000000000000e+00,5.729247194720e+06,1.133702106340e+08,4.088930232558e+06
4.660000000000e+02,0.000000000000e+00,1.027284119468e+04,2.895173623482e-02,0.000000000000e+00,0.000000000000e+00,0.000000000000e+00,5.700750572464e+06,1.133023942557e+08,4.088930232558e+06
4.670000000000e+02,0.000000000000e+00,8.509066881261e+03,1.838166861422e-02,0.000000000000e+00,0.000000000000e+00,0.000000000000e+00,5.685067663572e+06,1.132546489542e+08,4.088930232558e+06
4.680000000000e+02,0.000000000000e+00,6.319888130921e+03,2.980999579629e-02,0.000000000000e+00,0.000000000000e+00,0.000000000000e+00,5.656728935691e+06,1.131869176652e+08,4.088930232558e+06
4.690000000000e+02,0.000000000000e+00,7.110111220311e+03,1.057157661870e-02,0.000000000000e+00,2.740000000000e-03,0.000000000000e+00,5.664554469703e+06,1.132163548738e+08,4.164280232558e+06
4.700000000000e+02,0.000000000000e+00,6.721625222000e+03,2.528396629569e-02,0.000000000000e+00,2.740000000000e-03,0.000000000000e+00,5.660521825657e+06,1.132156655023e+08,4.239630232558e+06
4.710000000000e+02,0.000000000000e+00,4.965267386180e+03,3.203895952039e-02,0.000000000000e+00,0.000000000000e+00,0.000000000000e+00,5.631844221332e+06,1.131455055281e+08,4.239630232558e+06
4.720000000000e+02,0.000000000000e+00,4.913557539267e+03,2.848718757982e-02,0.000000000000e+00,2.740000000000e-03,0.000000000000e+00,5.622975264194e+06,1.131421891611e+08,4.314980232558e+06
4.730000000000e+02,0.000000000000e+00,5.696274497985e+03,3.297994119466e-02,0.000000000000e+00,5.480000000000e-03,0.000000000000e+00,5.629295322189e+06,1.131865645886e+08,4.465680232558e+06
4.740000000000e+02,0.000000000000e+00,3.865172867634e+03,3.922186064722e-02,0.000000000000e+00,0.000000000000e+00,0.000000000000e+00,5.595096564951e+06,1.131034066350e+08,4.465680232558e+06
4.750000000000e+02,0.000000000000e+00,3.023001597694e+03,2.843692026731e-02,0.000000000000e+00,0.000000000000e+00,0.000000000000e+00,5.568162237386e+06,1.130443184079e+08,4.465680232558e+06
4.760000000000e+02,0.000000000000e+00,2.420062847847e+03,2.580667552566e-02,0.000000000000e+00,0.000000000000e+00,0.000000000000e+00,5.542538840753e+06,1.129916448781e+08,4.465680232558e+06
4.770000000000e+02,0.000000000000e+00,1.659124674389e+03,2.946028574397e-02,0.000000000000e+00,0.000000000000e+00,0.000000000000e+00,5.512548990003e+06,1.129326888812e+08,4.465680232558e+06
4.780000000000e+02,0.000000000000e+00,1.932638090664e+03,2.660460156856e-02,0.000000000000e+00,2.055000000000e-03,0.000000000000e+00,5.497916115102e+06,1.129240389745e+08,4.522192732558e+06
4.790000000000e+02,0.000000000000e+00,2.483201649244e+03,3.765244483046e-02,0.000000000000e+00,4.795000000000e-03,0.000000000000e+00,5.492231118907e+06,1.129508582412e+08,4.654055232558e+06
4.800000000000e+02,0.000000000000e+00,3.068763345100e+03,4.104595921851e-02,0.000000000000e+00,5.480000000000e-03,0.000000000000e+00,5.489767826877e+06,1.129840078050e+08,4.804755232558e+06
4.810000000000e+02,0.000000000000e+00,4.365948955064e+03,4.052890651827e-02,0.000000000000e+00,7.535000000000e-03,0.000000000000e+00,5.502788519292e+06,1.130590697054e+08,5.011967732558e+06
4.820000000000e+02,0.000000000000e+00,5.358731225721e+03,4.344977434680e-02,0.000000000000e+00,7.535000000000e-03,0.000000000000e+00,5.515595274435e+06,1.131250732232e+08,5.219180232558e+06
4.830000000000e+02,0.000000000000e+00,5.262425989241e+03,4.745233578012e-02,0.000000000000e+00,5.480000000000e-03,0.000000000000e+00,5.512383011413e+06,1.131387755842e+08,5.369880232558e+06
4.840000000000e+02,0.000000000000e+00,6.269030981731e+03,4.465361247653e-02,0.000000000000e+00,7.535000000000e-03,0.000000000000e+00,5.525369479126e+06,1.131996991945e+08,5.577092732558e+06
4.850000000000e+02,0.000000000000e+00,8.873252847966e+03,4.633245383867e-02,0.000000000000e+00,1.096000000000e-02,0.000000000000e+00,5.561020017201e+06,1.133249028232e+08,5.878492732558e+06
4.860000000000e+02,0.000000000000e+00,1.212596285527e+04,4.719963082296e-02,0.000000000000e+00,1.284375000000e-02,0.000000000000e+00,5.612197742583e+06,1.134806689350e+08,6.231695857558e+06
4.870000000000e+02,0.000000000000e+00,2.453752459179e+04,3.998764296742e-02,0.000000000000e+00,1.322906250000e-02,0.000000000000e+00,5.670704867726e+06,1.136475291753e+08,6.595495076308e+06
4.880000000000e+02,0.000000000000e+00,6.362723603490e+04,4.102466897340e-02,0.000000000000e+00,0.000000000000e+00,1.908837209302e-02,5.762177794699e+06,1.138999251669e+08,6.595495076308e+06
4.890000000000e+02,4.093413315523e+03,9.715574088479e+04,3.703913052000e-02,0.000000000000e+00,0.000000000000e+00,1.607441860465e-02,5.799786157684e+06,1.140963107538e+08,6.595495076308e+06
4.900000000000e+02,0.000000000000e+00,5.977219299588e+04,2.067236213819e-02,0.000000000000e+00,3.425000000000e-03,0.000000000000e+00,5.767805189182e+06,1.141023970117e+08,6.689682576308e+06
4.910000000000e+02,0.000000000000e+00,5.704590803127e+04,3.157983791309e-02,0.000000000000e+00,0.000000000000e+00,8.037209302326e-03,5.770976671884e+06,1.141707368422e+08,6.689682576308e+06
4.920000000000e+02,0.000000000000e+00,2.682373562101e+04,3.218913825330e-02,0.000000000000e+00,0.000000000000e+00,0.000000000000e+00,5.726201735086e+06,1.140934372360e+08,6.689682576308e+06
4.930000000000e+02,0.000000000000e+00,1.637277141777e+04,2.666937528264e-02,0.000000000000e+00,0.000000000000e+00,0.000000000000e+00,5.705442002326e+06,1.140182851777e+08,6.689682576308e+06
4.940000000000e+02,0.000000000000e+00,1.172799442108e+04,2.341471423052e-02,0.000000000000e+00,0.000000000000e+00,0.000000000000e+00,5.690552659307e+06,1.139511889816e+08,6.689682576308e+06
4.950000000000e+02,0.000000000000e+00,8.696953356438e+03,2.763025092135e-02,0.000000000000e+00,0.000000000000e+00,0.000000000000e+00,5.670597447253e+06,1.138790998393e+08,6.689682576308e+06
4.960000000000e+02,0.000000000000e+00,7.262966147476e+03,1.778959118561e-02,0.000000000000e+00,0.000000000000e+00,0.000000000000e+00,5.657799991477e+06,1.138307927758e+08,6.689682576308e+06
4.970000000000e+02,0.000000000000e+00,8.033883506506e+03,2.227019957232e-02,0.000000000000e+00,0.000000000000e+00,5.023255813953e-03,5.673416020506e+06,1.138785749255e+08,6.689682576308e+06
4.980000000000e+02,0.000000000000e+00,6.771865295666e+03,2.020508312940e-02,5.023255813953e-03,0.000000000000e+00,0.000000000000e+00,5.659484461422e+06,1.138248436053e+08,6.827822111192e+06
4.990000000000e+02,0.000000000000e+00,7.715900436234e+03,3.135513862889e-02,0.000000000000e+00,6.165000000000e-03,0.000000000000e+00,5.675321987054e+06,1.138772126059e+08,6.997359611192e+06
5.000000000000e+02,0.000000000000e+00,6.400136161916e+03,2.475718998049e-02,0.000000000000e+00,0.000000000000e+00,0.000000000000e+00,5.657425433571e+06,1.138142426324e+08,6.997359611192e+06
5.010000000000e+02,0.000000000000e+00,7.927704139109e+03,1.639320911123e-02,0.000000000000e+00,0.000000000000e+00,5.023255813953e-03,5.678300192787e+06,1.138746315128e+08,6.997359611192e+06
5.020000000000e+02,0.000000000000e+00,1.012566568552e+04,1.685529896075e-02,0.000000000000e+00,0.000000000000e+00,7.032558139535e-03,5.714111979859e+06,1.139720315562e+08,6.997359611192e+06
5.030000000000e+02,0.000000000000e+00,1.070522672641e+04,2.694079594886e-02,0.000000000000e+00,2.911250000000e-03,0.000000000000e+00,5.710483183622e+06,1.139648192304e+08,7.077418986192e+06
5.040000000000e+02,0.000000000000e+00,1.230860598989e+04,3.313127059505e-02,0.000000000000e+00,7.192500000000e-03,0.000000000000e+00,5.733669455066e+06,1.140287970590e+08,7.275212736192e+06
5.050000000000e+02,0.000000000000e+00,1.209354669815e+04,3.294803928629e-02,0.000000000000e+00,1.541250000000e-03,0.000000000000e+00,5.713459002299e+06,1.139811299508e+08,7.317597111192e+06
5.060000000000e+02,0.000000000000e+00,1.238603515562e+04,1.840874305565e-02,0.000000000000e+00,0.000000000000e+00,5.023255813953e-03,5.734935763830e+06,1.140305674276e+08,7.317597111192e+06
5.070000000000e+02,0.000000000000e+00,1.401728766619e+04,1.993529746087e-02,0.000000000000e+00,3.425000000000e-04,3.013953488372e-03,5.737680538786e+06,1.140467119572e+08,7.327015861192e+06
5.080000000000e+02,0.000000000000e+00,1.383005532611e+04,3.273221449104e-02,0.000000000000e+00,3.253750000000e-03,0.000000000000e+00,5.728070995944e+06,1.140342949338e+08,7.416493986192e+06
5.090000000000e+02,0.000000000000e+00,1.560005960722e+04,3.531372087615e-02,0.000000000000e+00,6.165000000000e-03,0.000000000000e+00,5.737723737182e+06,1.140735310686e+08,7.586031486192e+06
5.100000000000e+02,0.000000000000e+00,2.221960864720e+04,2.844306171797e-02,0.000000000000e+00,7.706250000000e-03,0.000000000000e+00,5.760153281116e+06,1.141564250883e+08,7.797953361192e+06
5.110000000000e+02,2.807427908921e+03,7.490882619092e+04,2.633757860982e-02,0.000000000000e+00,1.130250000000e-02,4.018604651163e-03,5.810509631670e+06,1.143720709936e+08,8.108772111192e+06
5.120000000000e+02,5.864614519806e+04,9.769083637072e+04,3.137812176656e-02,0.000000000000e+00,1.438500000000e-02,4.018604651163e-03,5.829040557355e+06,1.146109324695e+08,8.504359611192e+06
5.130000000000e+02,6.604707050035e+04,9.768711028116e+04,3.741067089173e-02,0.000000000000e+00,1.301500000000e-02,5.023255813953e-03,5.830858725949e+06,1.148310598183e+08,8.862272111192e+06
5.140000000000e+02,7.059405453560e+04,9.772524850963e+04,3.502508683772e-02,0.000000000000e+00,1.096000000000e-02,7.032558139535e-03,5.833195302798e+06,1.150516200697e+08,9.163672111192e+06
5.150000000000e+02,3.966164627039e+04,9.749711526999e+04,4.481297718624e-02,0.000000000000e+00,1.164500000000e-02,3.013953488372e-03,5.818030265081e+06,1.151997822836e+08,9.483909611192e+06
5.160000000000e+02,0.000000000000e+00,6.775896705927e+04,5.291481997535e-02,0.000000000000e+00,4.795000000000e-03,2.009302325581e-03,5.774542125424e+06,1.152047158034e+08,9.615772111192e+06
5.170000000000e+02,0.000000000000e+00,7.428605233455e+04,4.502310133992e-02,0.000000000000e+00,1.164500000000e-02,0.000000000000e+00,5.785769261781e+06,1.153051468082e+08,9.936009611192e+06
5.180000000000e+02,1.885101495794e+04,9.741046575554e+04,3.201603229268e-02,0.000000000000e+00,1.507000000000e-02,0.000000000000e+00,5.812132132756e+06,1.154815991016e+08,1.035043461119e+07
5.190000000000e+02,1.733243352506e+04,9.733450749000e+04,4.491552836508e-02,0.000000000000e+00,9.590000000000e-03,4.018604651163e-03,5.808429182502e+06,1.156110068576e+08,1.061415961119e+07
5.200000000000e+02,1.624005954298e+04,9.728947557929e+04,5.020682282864e-02,0.000000000000e+00,1.438500000000e-02,0.000000000000e+00,5.807959442240e+06,1.157438696914e+08,1.100974711119e+07
5.210000000000e+02,4.152380179675e+04,9.744019869775e+04,5.547427803976e-02,0.000000000000e+00,1.849500000000e-02,0.000000000000e+00,5.822205961645e+06,1.159341428364e+08,1.151835961119e+07
5.220000000000e+02,8.781826207901e+04,9.765085187624e+04,5.838205177899e-02,0.000000000000e+00,2.329000000000e-02,0.000000000000e+00,5.843727242668e+06,1.161941735810e+08,1.215883461119e+07
5.230000000000e+02,1.846254535014e+05,9.801251648449e+04,5.373898818601e-02,0.000000000000e+00,3.151000000000e-02,0.000000000000e+00,5.885033971295e+06,1.165773073607e+08,1.302535961119e+07
5.240000000000e+02,1.745363164991e+05,9.784802865606e+04,7.491357585185e-02,0.000000000000e+00,2.877000000000e-02,0.000000000000e+00,5.880075362593e+06,1.168784744704e+08,1.381653461119e+07
5.250000000000e+02,1.268174731770e+05,9.768419655932e+04,7.670700893458e-02,0.000000000000e+00,2.397500000000e-02,0.000000000000e+00,5.860223379160e+06,1.171048299959e+08,1.447584711119e+07
5.260000000000e+02,1.222049754121e+05,9.772211830756e+04,6.838671106030e-02,0.000000000000e+00,2.397500000000e-02,0.000000000000e+00,5.860681390991e+06,1.173400969054e+08,1.513515961119e+07
5.270000000000e+02,1.242228852440e+05,9.773328500455e+04,6.785470119775e-02,0.000000000000e+00,2.397500000000e-02,0.000000000000e+00,5.862601737764e+06,1.175734011840e+08,1.579447211119e+07
5.280000000000e+02,1.705836574905e+05,9.794530643085e+04,5.829640242528e-02,0.000000000000e+00,2.740000000000e-02,0.000000000000e+00,5.884350464966e+06,1.178630383019e+08,1.654797211119e+07
5.290000000000e+02,5.820271618780e+04,9.741945244708e+04,7.379409422682e-02,0.000000000000e+00,1.507000000000e-02,0.000000000000e+00,5.827634608144e+06,1.179582285939e+08,1.696239711119e+07
5.300000000000e+02,0.000000000000e+00,4.249594959386e+04,5.306396805737e-02,0.000000000000e+00,0.000000000000e+00,0.000000000000e+00,5.745301403981e+06,1.178381231574e+08,1.696239711119e+07
5.310000000000e+02,0.000000000000e+00,2.021990144320e+04,3.993695714097e-02,0.000000000000e+00,0.000000000000e+00,0.000000000000e+00,5.710840555067e+06,1.177312705596e+08,1.696239711119e+07
5.320000000000e+02,0.000000000000e+00,2.893304780223e+04,3.294948311468e-02,0.000000000000e+00,1.335750000000e-02,0.000000000000e+00,5.787798035025e+06,1.178935829586e+08,1.732972836119e+07
5.330000000000e+02,5.552040653054e+04,9.716737898825e+04,4.736219007698e-02,0.000000000000e+00,2.311875000000e-02,0.000000000000e+00,5.853899395375e+06,1.181696416078e+08,1.796549398619e+07
5.340000000000e+02,1.321175513710e+05,9.780232890780e+04,6.131432931554e-02,0.000000000000e+00,2.466000000000e-02,0.000000000000e+00,5.870443916501e+06,1.184191694618e+08,1.864364398619e+07
5.350000000000e+02,1.436611456393e+05,9.781147009809e+04,6.607755427909e-02,0.000000000000e+00,2.466000000000e-02,0.000000000000e+00,5.873144486357e+06,1.186567184736e+08,1.932179398619e+07
5.360000000000e+02,2.046920558425e+05,9.804525105673e+04,5.798141706105e-02,0.000000000000e+00,2.945500000000e-02,0.000000000000e+00,5.900385801579e+06,1.189643987360e+08,2.013180648619e+07
5.370000000000e+02,1.840906511367e+05,9.790411134505e+04,7.119400841996e-02,0.000000000000e+00,2.671500000000e-02,0.000000000000e+00,5.890357637714e+06,1.192152415482e+08,2.086646898619e+07
5.380000000000e+02,1.661133691933e+05,9.786240725263e+04,6.947101947211e-02,0.000000000000e+00,2.534500000000e-02,0.000000000000e+00,5.883674518715e+06,1.194480530095e+08,2.156345648619e+07
5.390000000000e+02,2.234509126218e+05,9.808666425514e+04,5.949256709919e-02,0.000000000000e+00,3.014000000000e-02,0.000000000000e+00,5.909533892761e+06,1.197523948421e+08,2.239230648619e+07
5.400000000000e+02,1.784646868302e+05,9.787618819056e+04,7.324909188480e-02,0.000000000000e+00,2.534500000000e-02,0.000000000000e+00,5.889101814259e+06,1.199752035064e+08,2.308929398619e+07
5.410000000000e+02,1.983589258247e+05,9.800203901464e+04,6.237536054581e-02,0.000000000000e+00,2.740000000000e-02,0.000000000000e+00,5.899805611710e+06,1.202357851517e+08,2.384279398619e+07
5.420000000000e+02,1.901053586146e+05,9.796277833511e+04,6.500663916441e-02,0.000000000000e+00,2.603000000000e-02,0.000000000000e+00,5.896136261929e+06,1.204734610851e+08,2.455861898619e+07
5.430000000000e+02,2.411744938784e+05,9.825656643645e+04,4.009060761927e-02,0.000000000000e+00,2.808500000000e-02,0.000000000000e+00,5.918423051371e+06,1.207646194461e+08,2.533095648619e+07
5.440000000000e+02,2.518315136111e+05,9.817479596946e+04,5.713844683468e-02,0.000000000000e+00,2.329000000000e-02,6.027906976744e-03,5.921650687284e+06,1.210473614661e+08,2.597143148619e+07
5.450000000000e+02,1.551828360565e+05,9.798330276961e+04,4.575279232122e-02,0.000000000000e+00,1.849500000000e-02,0.000000000000e+00,5.879887521185e+06,1.212080123437e+08,2.648004398619e+07
5.460000000000e+02,4.098531673399e+05,9.873701634800e+04,2.061881165441e-02,0.000000000000e+00,2.945500000000e-02,1.205581395349e-02,5.983587328237e+06,1.216758893016e+08,2.729005648619e+07
5.470000000000e+02,4.186447342706e+05,9.868590523400e+04,3.153458955198e-02,0.000000000000e+00,2.397500000000e-02,1.205581395349e-02,5.980993923272e+06,1.220580451188e+08,2.794936898619e+07
5.480000000000e+02,4.264707987197e+05,9.854630382310e+04,5.591602759825e-02,0.000000000000e+00,2.534500000000e-02,1.406511627907e-02,5.984335283203e+06,1.224468296465e+08,2.864635648619e+07
5.490000000000e+02,2.435335689395e+05,9.815232172485e+04,5.788970403364e-02,0.000000000000e+00,2.329000000000e-02,0.000000000000e+00,5.915999875896e+06,1.226411279089e+08,2.928683148619e+07
5.500000000000e+02,2.295829034558e+05,9.815403168587e+04,5.199699190180e-02,0.000000000000e+00,2.603000000000e-02,0.000000000000e+00,5.916037310420e+06,1.228739952438e+08,3.000265648619e+07
5.510000000000e+02,2.980271721244e+05,9.830737310969e+04,5.334762967825e-02,0.000000000000e+00,3.219500000000e-02,0.000000000000e+00,5.944819263420e+06,1.231751763358e+08,3.088801898619e+07
5.520000000000e+02,3.558461390581e+05,9.839852236733e+04,5.818025409661e-02,0.000000000000e+00,3.562000000000e-02,0.000000000000e+00,5.965095637779e+06,1.235067941663e+08,3.186756898619e+07
5.530000000000e+02,2.941105012273e+05,9.819600382144e+04,6.977566418788e-02,0.000000000000e+00,3.014000000000e-02,0.000000000000e+00,5.940561268844e+06,1.237597740761e+08,3.269641898619e+07
5.540000000000e+02,2.300051234227e+05,9.812143971140e+04,5.748616281127e-02,0.000000000000e+00,2.466000000000e-02,0.000000000000e+00,5.916554141957e+06,1.239622564702e+08,3.337456898619e+07
5.550000000000e+02,2.075412305399e+05,9.815282876572e+04,4.327404745002e-02,0.000000000000e+00,2.260500000000e-02,0.000000000000e+00,5.909440986626e+06,1.241561597245e+08,3.399620648619e+07
5.560000000000e+02,3.035543718366e+05,9.844385783192e+04,3.380849624962e-02,0.000000000000e+00,2.329000000000e-02,7.032558139535e-03,5.950263536311e+06,1.244464121390e+08,3.463668148619e+07
5.570000000000e+02,4.036316057824e+05,9.868052392500e+04,2.817495785403e-02,0.000000000000e+00,3.014000000000e-02,5.023255813953e-03,5.984975970141e+06,1.247924103760e+08,3.546553148619e+07
5.580000000000e+02,4.079543112192e+05,9.861081220345e+04,4.063914972943e-02,0.000000000000e+00,2.945500000000e-02,5.023255813953e-03,5.984488715493e+06,1.251133353355e+08,3.627554398619e+07
5.590000000000e+02,3.115008527556e+05,9.835005748802e+04,5.166059756073e-02,0.000000000000e+00,2.260500000000e-02,5.023255813953e-03,5.948952449532e+06,1.253446675917e+08,3.689718148619e+07
5.600000000000e+02,2.458701989770e+05,9.829259178213e+04,3.689902327276e-02,0.000000000000e+00,2.260500000000e-02,0.000000000000e+00,5.925446098575e+06,1.255354991743e+08,3.751881898619e+07
5.610000000000e+02,4.262239995059e+05,9.876907087311e+04,2.067596123776e-02,0.000000000000e+00,3.014000000000e-02,7.032558139535e-03,5.997078356981e+06,1.258994873085e+08,3.834766898619e+07
5.620000000000e+02,4.053987267004e+05,9.864054342769e+04,3.530481828599e-02,0.000000000000e+00,2.534500000000e-02,7.032558139535e-03,5.985450920556e+06,1.261921700680e+08,3.904465648619e+07
5.630000000000e+02,3.551543901924e+05,9.855829121932e+04,3.303208817205e-02,0.000000000000e+00,2.260500000000e-02,6.027906976744e-03,5.967958709552e+06,1.264447981556e+08,3.966629398619e+07
5.640000000000e+02,3.505638027334e+05,9.845333611386e+04,4.828020299016e-02,0.000000000000e+00,2.603000000000e-02,5.023255813953e-03,5.968174102287e+06,1.267055021343e+08,4.038211898619e+07
5.650000000000e+02,2.272442713847e+05,9.807093696342e+04,6.488028490544e-02,0.000000000000e+00,2.260500000000e-02,0.000000000000e+00,5.918276406078e+06,1.268580234398e+08,4.100375648619e+07
5.660000000000e+02,2.603844257191e+05,9.821956593747e+04,5.412664564260e-02,0.000000000000e+00,2.740000000000e-02,0.000000000000e+00,5.937142823255e+06,1.270725634106e+08,4.175725648619e+07
5.670000000000e+02,3.004342593161e+05,9.827414977466e+04,6.004675109905e-02,0.000000000000e+00,3.014000000000e-02,0.000000000000e+00,5.952837285582e+06,1.273079315349e+08,4.258610648619e+07
5.680000000000e+02,2.484174443730e+05,9.812090089656e+04,6.536365190003e-02,0.000000000000e+00,2.534500000000e-02,0.000000000000e+00,5.930159317874e+06,1.274860429784e+08,4.328309398619e+07
5.690000000000e+02,2.927006196370e+05,9.831359981643e+04,5.105535189492e-02,0.000000000000e+00,2.877000000000e-02,0.000000000000e+00,5.950770337743e+06,1.277133255917e+08,4.407426898619e+07
5.700000000000e+02,3.262593988867e+05,9.845967135377e+04,3.938883100521e-02,0.000000000000e+00,2.877000000000e-02,0.000000000000e+00,5.963081002102e+06,1.279500002326e+08,4.486544398619e+07
5.710000000000e+02,4.028546550797e+05,9.867974414589e+04,2.836349596605e-02,0.000000000000e+00,2.466000000000e-02,8.037209302326e-03,5.991439663183e+06,1.282347070329e+08,4.554359398619e+07
5.720000000000e+02,3.175186100363e+05,9.834421814320e+04,5.504413148631e-02,0.000000000000e+00,1.301500000000e-02,1.406511627907e-02,5.957081024502e+06,1.284336760268e+08,4.590150648619e+07
5.730000000000e+02,2.186886412512e+05,9.821363501953e+04,3.884963695559e-02,0.000000000000e+00,1.918000000000e-02,0.000000000000e+00,5.918158710979e+06,1.285671372607e+08,4.642895648619e+07
5.740000000000e+02,2.252780617524e+05,9.821017247173e+04,4.208209355308e-02,0.000000000000e+00,2.260500000000e-02,0.000000000000e+00,5.925142159024e+06,1.287326985871e+08,4.705059398619e+07
5.750000000000e+02,2.477474229519e+05,9.823115442633e+04,4.770175360754e-02,0.000000000000e+00,2.466000000000e-02,0.000000000000e+00,5.935047974609e+06,1.289126457267e+08,4.772874398619e+07
5.760000000000e+02,3.100801305922e+05,9.838836437628e+04,4.537896670964e-02,0.000000000000e+00,2.877000000000e-02,0.000000000000e+00,5.960336150230e+06,1.291347394366e+08,4.851991898619e+07
5.770000000000e+02,3.400888047317e+05,9.841556782640e+04,5.116291485563e-02,0.000000000000e+00,3.014000000000e-02,0.000000000000e+00,5.970483584706e+06,1.293623722317e+08,4.934876898619e+07
5.780000000000e+02,2.662533364972e+05,9.819177231295e+04,6.118048890584e-02,0.000000000000e+00,2.466000000000e-02,0.000000000000e+00,5.939632684163e+06,1.295243825826e+08,5.002691898619e+07
5.790000000000e+02,3.328174724570e+05,9.843116789925e+04,4.626218780149e-02,0.000000000000e+00,3.014000000000e-02,0.000000000000e+00,5.969787271726e+06,1.297538551713e+08,5.085576898619e+07
5.800000000000e+02,3.647265754335e+05,9.845168361156e+04,5.338782136256e-02,0.000000000000e+00,3.151000000000e-02,0.000000000000e+00,5.980469521674e+06,1.299872960890e+08,5.172229398619e+07
5.810000000000e+02,3.046864282502e+05,9.825422826832e+04,6.518500273048e-02,0.000000000000e+00,2.740000000000e-02,0.000000000000e+00,5.955964746263e+06,1.301678628007e+08,5.247579398619e+07
5.820000000000e+02,3.294908103590e+05,9.838010407038e+04,5.343994241480e-02,0.000000000000e+00,2.945500000000e-02,0.000000000000e+00,5.968371804145e+06,1.303781649568e+08,5.328580648619e+07
5.830000000000e+02,2.760287852660e+05,9.821327691635e+04,6.152026510229e-02,0.000000000000e+00,2.534500000000e-02,0.000000000000e+00,5.945873669214e+06,1.305398025523e+08,5.398279398619e+07
5.840000000000e+02,2.374231637226e+05,9.817409357510e+04,5.297401752563e-02,0.000000000000e+00,2.260500000000e-02,0.000000000000e+00,5.931280153949e+06,1.306822991883e+08,5.460443148619e+07
5.850000000000e+02,2.449712552848e+05,9.823759319865e+04,4.580862364177e-02,0.000000000000e+00,2.329000000000e-02,0.000000000000e+00,5.936394482394e+06,1.308377247876e+08,5.524490648619e+07
5.860000000000e+02,2.864644884586e+05,9.842166941089e+04,3.195608294526e-02,0.000000000000e+00,2.466000000000e-02,0.000000000000e+00,5.954209805942e+06,1.310178149128e+08,5.592305648619e+07
5.870000000000e+02,2.658155145304e+05,9.832504196598e+04,3.990538363167e-02,0.000000000000e+00,1.575500000000e-02,7.032558139535e-03,5.944104665680e+06,1.311713377915e+08,5.635631898619e+07
5.880000000000e+02,3.586854202939e+05,9.874219771599e+04,4.993105950882e-03,0.000000000000e+00,2.055000000000e-02,6.027906976744e-03,5.983120104942e+06,1.313908906057e+08,5.692144398619e+07
5.890000000000e+02,3.673652119340e+05,9.856882397059e+04,3.568240619345e-02,0.000000000000e+00,2.329000000000e-02,5.023255813953e-03,5.983745815845e+06,1.315964896919e+08,5.756191898619e+07
5.900000000000e+02,2.060649144992e+05,9.822446449104e+04,3.215541882166e-02,0.000000000000e+00,1.507000000000e-02,0.000000000000e+00,5.914835069889e+06,1.316794735726e+08,5.797634398619e+07
5.910000000000e+02,3.072732027210e+05,9.856236414551e+04,1.680131433293e-02,0.000000000000e+00,2.055000000000e-02,5.023255813953e-03,5.965804103176e+06,1.318757922565e+08,5.854146898619e+07
5.920000000000e+02,2.610543130616e+05,9.835357060413e+04,3.367352052134e-02,0.000000000000e+00,1.575500000000e-02,5.023255813953e-03,5.942660649984e+06,1.320104008976e+08,5.897473148619e+07
5.930000000000e+02,1.412136182778e+05,9.798389689840e+04,3.988014847542e-02,0.000000000000e+00,1.301500000000e-02,0.000000000000e+00,5.887189567875e+06,1.320654129220e+08,5.933264398619e+07
5.940000000000e+02,1.880794280746e+05,9.815624318123e+04,3.502164251522e-02,0.000000000000e+00,1.986500000000e-02,0.000000000000e+00,5.916801852508e+06,1.321912936016e+08,5.987893148619e+07
5.950000000000e+02,2.019312733547e+05,9.812046831153e+04,4.693753282757e-02,0.000000000000e+00,2.055000000000e-02,0.000000000000e+00,5.921244149500e+06,1.323118334261e+08,6.044405648619e+07
5.960000000000e+02,2.582990628224e+05,9.830494665803e+04,4.031424717033e-02,0.000000000000e+00,2.397500000000e-02,0.000000000000e+00,5.946210733310e+06,1.324693042335e+08,6.110336898619e+07
5.970000000000e+02,2.941055710063e+05,9.834224049429e+04,4.758102960924e-02,0.000000000000e+00,2.603000000000e-02,0.000000000000e+00,5.959388014201e+06,1.326375733151e+08,6.181919398619e+07
5.980000000000e+02,3.498933473948e+05,9.849495979750e+04,4.197747045430e-02,0.000000000000e+00,2.877000000000e-02,0.000000000000e+00,5.981157588686e+06,1.328333810572e+08,6.261036898619e+07
5.990000000000e+02,1.859972742123e+05,9.800453921905e+04,5.857683611523e-02,0.000000000000e+00,1.644000000000e-02,0.000000000000e+00,5.907223386745e+06,1.329004600364e+08,6.306246898619e+07
6.000000000000e+02,2.387708102422e+05,9.828365959668e+04,3.614544261108e-02,0.000000000000e+00,2.260500000000e-02,0.000000000000e+00,5.939166666215e+06,1.330452043679e+08,6.368410648619e+07
6.010000000000e+02,1.527927675644e+05,9.797031443401e+04,4.811858184506e-02,0.000000000000e+00,1.507000000000e-02,0.000000000000e+00,5.895635901875e+06,1.331086510184e+08,6.409853148619e+07
6.020000000000e+02,2.059136157438e+05,9.820714012889e+04,3.483265778153e-02,0.000000000000e+00,2.055000000000e-02,0.000000000000e+00,5.926083684422e+06,1.332352212722e+08,6.466365648619e+07
6.030000000000e+02,1.979275360270e+05,9.812450786538e+04,4.466688858045e-02,0.000000000000e+00,1.918000000000e-02,0.000000000000e+00,5.919911247770e+06,1.333394439612e+08,6.519110648619e+07
6.040000000000e+02,2.241580300118e+05,9.821473770982e+04,4.135498934069e-02,0.000000000000e+00,2.123500000000e-02,0.000000000000e+00,5.932619470590e+06,1.334648950545e+08,6.577506898619e+07
6.050000000000e+02,2.557906999488e+05,9.827290716631e+04,4.464229472038e-02,0.000000000000e+00,2.329000000000e-02,0.000000000000e+00,5.945941037427e+06,1.336047669021e+08,6.641554398619e+07
6.060000000000e+02,1.855962805088e+05,9.811396792166e+04,4.087695714055e-02,0.000000000000e+00,1.644000000000e-02,0.000000000000e+00,5.912038844439e+06,1.336849876774e+08,6.686764398619e+07
6.070000000000e+02,2.747798793241e+05,9.849755738231e+04,1.569782290135e-02,0.000000000000e+00,2.260500000000e-02,0.000000000000e+00,5.956298148430e+06,1.338422369311e+08,6.748928148619e+07
6.080000000000e+02,2.848549054224e+05,9.831335593244e+04,4.911986711694e-02,0.000000000000e+00,1.849500000000e-02,6.027906976744e-03,5.957128050240e+06,1.339860306250e+08,6.799789398619e+07
6.090000000000e+02,1.995185029759e+05,9.813517434168e+04,4.376175888753e-02,0.000000000000e+00,1.712500000000e-02,0.000000000000e+00,5.918047269475e+06,1.340676969508e+08,6.846883148619e+07
6.100000000000e+02,2.827429886493e+05,9.848466343736e+04,2.071295809176e-02,0.000000000000e+00,2.329000000000e-02,0.000000000000e+00,5.959876170028e+06,1.342232873023e+08,6.910930648619e+07
6.110000000000e+02,2.917465306374e+05,9.833698462159e+04,4.785686900078e-02,0.000000000000e+00,2.055000000000e-02,4.018604651163e-03,5.960552717884e+06,1.343653165667e+08,6.967443148619e+07
6.120000000000e+02,2.625619050376e+05,9.832454971899e+04,3.907003791381e-02,0.000000000000e+00,2.123500000000e-02,0.000000000000e+00,5.947700891519e+06,1.344845832985e+08,7.025839398619e+07
6.130000000000e+02,1.959725837939e+05,9.820979544510e+04,3.028167193519e-02,0.000000000000e+00,1.575500000000e-02,0.000000000000e+00,5.918188424968e+06,1.345627001909e+08,7.069165648619e+07
6.140000000000e+02,2.432941934585e+05,9.837389092173e+04,2.366374573201e-02,0.000000000000e+00,1.644000000000e-02,4.018604651163e-03,5.943667004960e+06,1.346874942260e+08,7.114375648619e+07
6.150000000000e+02,2.964397098688e+05,9.841850969501e+04,3.642276415407e-02,0.000000000000e+00,1.438500000000e-02,1.004651162791e-02,5.965095090549e+06,1.348343401637e+08,7.153934398619e+07
6.160000000000e+02,2.694298042567e+05,9.842345353575e+04,2.580769447097e-02,0.000000000000e+00,1.986500000000e-02,0.000000000000e+00,5.951441474135e+06,1.349493524675e+08,7.208563148619e+07
6.170000000000e+02,2.147887868490e+05,9.824967078352e+04,3.209208048701e-02,0.000000000000e+00,1.712500000000e-02,0.000000000000e+00,5.927694187970e+06,1.350351172562e+08,7.255656898619e+07
6.180000000000e+02,2.111418829668e+05,9.819602360921e+04,3.914234677198e-02,0.000000000000e+00,1.301500000000e-02,6.027906976744e-03,5.928652974062e+06,1.351315705088e+08,7.291448148619e+07
6.190000000000e+02,1.748972242003e+05,9.833870462834e+04,0.000000000000e+00,0.000000000000e+00,1.164500000000e-02,0.000000000000e+00,5.911290531207e+06,1.351959345229e+08,7.323471898619e+07
6.200000000000e+02,1.965157983647e+05,9.840034127799e+04,0.000000000000e+00,0.000000000000e+00,1.438500000000e-02,0.000000000000e+00,5.923956255873e+06,1.352839401585e+08,7.363030648619e+07
6.210000000000e+02,1.462093204296e+05,9.825130291973e+04,0.000000000000e+00,0.000000000000e+00,9.590000000000e-03,0.000000000000e+00,5.897362314910e+06,1.353297984762e+08,7.389403148619e+07
6.220000000000e+02,3.173674524851e+05,9.868977496547e+04,0.000000000000e+00,0.000000000000e+00,1.027500000000e-02,1.406511627907e-02,5.979521244813e+06,1.355009355165e+08,7.417659398619e+07
6.230000000000e+02,2.488640702468e+05,9.853582699622e+04,0.000000000000e+00,0.000000000000e+00,1.438500000000e-02,0.000000000000e+00,5.942549547869e+06,1.355860948162e+08,7.457218148619e+07
6.240000000000e+02,1.867581300955e+05,9.837335327296e+04,0.000000000000e+00,0.000000000000e+00,1.164500000000e-02,0.000000000000e+00,5.915933608544e+06,1.356478167722e+08,7.489241898619e+07
6.250000000000e+02,1.667857437277e+05,9.831507703804e+04,0.000000000000e+00,0.000000000000e+00,1.164500000000e-02,0.000000000000e+00,5.909184589896e+06,1.357097024700e+08,7.521265648619e+07
6.260000000000e+02,1.615775493122e+05,9.829936490808e+04,0.000000000000e+00,0.000000000000e+00,1.164500000000e-02,0.000000000000e+00,5.907724604202e+06,1.357715230415e+08,7.553289398619e+07
6.270000000000e+02,1.690593351168e+05,9.832194292799e+04,0.000000000000e+00,0.000000000000e+00,1.233000000000e-02,0.000000000000e+00,5.911917693830e+06,1.358390236738e+08,7.587196898619e+07
6.280000000000e+02,2.430615246476e+05,9.852117026001e+04,0.000000000000e+00,0.000000000000e+00,1.781000000000e-02,0.000000000000e+00,5.947185338272e+06,1.359519483345e+08,7.636174398619e+07
6.290000000000e+02,2.345931320693e+05,9.850049637521e+04,0.000000000000e+00,0.000000000000e+00,1.507000000000e-02,0.000000000000e+00,5.939951558868e+06,1.360405134854e+08,7.677616898619e+07
6.300000000000e+02,2.387097790766e+05,9.851062895742e+04,0.000000000000e+00,0.000000000000e+00,1.575500000000e-02,0.000000000000e+00,5.942387189395e+06,1.361341199469e+08,7.720943148619e+07
6.310000000000e+02,2.409216858725e+05,9.851613618812e+04,0.000000000000e+00,0.000000000000e+00,1.575500000000e-02,0.000000000000e+00,5.943475790015e+06,1.362268560242e+08,7.764269398619e+07
6.320000000000e+02,2.063066247913e+05,9.842730273684e+04,0.000000000000e+00,0.000000000000e+00,1.301500000000e-02,0.000000000000e+00,5.927159227593e+06,1.362963511591e+08,7.800060648619e+07
6.330000000000e+02,1.013123071682e+05,9.809343478045e+04,0.000000000000e+00,0.000000000000e+00,5.480000000000e-03,0.000000000000e+00,5.872750505852e+06,1.363020541389e+08,7.815130648619e+07
6.340000000000e+02,4.784846404174e+04,9.784795435573e+04,0.000000000000e+00,0.000000000000e+00,4.110000000000e-03,0.000000000000e+00,5.845644442216e+06,1.362964887841e+08,7.826433148619e+07
6.350000000000e+02,1.839543123108e+05,9.836540453958e+04,0.000000000000e+00,0.000000000000e+00,1.712500000000e-02,0.000000000000e+00,5.927481280477e+06,1.364032697291e+08,7.873526898619e+07
6.360000000000e+02,2.200026716646e+05,9.846345635057e+04,0.000000000000e+00,0.000000000000e+00,1.507000000000e-02,0.000000000000e+00,5.936626900573e+06,1.364900829809e+08,7.914969398619e+07
6.370000000000e+02,1.078882932985e+05,9.811870431227e+04,0.000000000000e+00,0.000000000000e+00,5.480000000000e-03,0.000000000000e+00,5.875919961359e+06,1.364954829226e+08,7.930039398619e+07
6.380000000000e+02,3.545636525559e+04,9.777361196999e+04,0.000000000000e+00,0.000000000000e+00,2.740000000000e-03,0.000000000000e+00,5.836286388856e+06,1.364772365179e+08,7.937574398619e+07
6.390000000000e+02,1.167242129114e+05,9.815129842333e+04,0.000000000000e+00,0.000000000000e+00,1.233000000000e-02,0.000000000000e+00,5.893702583509e+06,1.365440198119e+08,7.971481898619e+07
